Arena allocated
Iniitiazing parameters for Layer Norm:
out shape: 
(16, 32)
gamma shape before expansion: 
(1, 32)
gamma shape after expansion: 
(16, 32)
beta shape after expansion: 
(1, 32)
a shape: 
(16, 32)
b shape: 
(16, 32)
0.54 0.97 0.97 0.67 0.56 0.25 0.55 0.74 0.85 0.56 0.77 0.71 0.11 0.33 0.68 0.55 0.04 0.66 0.66 0.09 0.66 0.35 0.60 0.11 0.89 0.94 0.38 0.78 0.13 0.06 0.58 0.67 
0.03 0.55 0.33 0.59 0.80 0.88 0.33 0.65 0.44 0.09 0.36 0.54 0.43 0.04 0.10 0.47 0.70 0.76 0.56 0.36 0.11 0.16 0.47 0.00 0.09 0.85 0.78 0.22 0.91 0.36 0.89 0.94 
0.91 0.22 0.53 0.71 0.10 0.85 0.36 0.54 0.95 0.71 0.08 0.38 0.75 0.18 0.84 0.45 0.94 0.40 0.81 0.06 0.56 0.27 0.06 0.65 0.12 0.84 0.87 0.03 0.20 0.76 0.97 0.10 
0.99 0.49 0.81 0.09 0.35 0.17 0.63 0.29 0.88 0.71 0.67 0.63 0.90 0.51 0.08 0.84 0.91 0.89 0.90 0.47 0.16 0.96 0.11 0.28 0.79 0.99 0.30 0.99 0.75 0.27 0.09 0.74 
0.76 0.91 0.83 0.11 0.08 0.46 0.40 0.96 0.17 0.07 0.60 0.06 0.58 0.68 0.90 0.49 0.56 0.80 0.95 0.72 0.76 0.07 1.00 0.55 0.05 0.30 0.54 0.80 0.57 0.63 0.54 0.34 
0.54 0.36 0.45 0.62 0.82 0.85 0.58 0.99 0.92 0.18 0.05 0.50 0.85 0.96 0.99 0.42 0.76 0.94 0.14 0.52 0.01 0.14 0.07 0.06 0.44 0.61 0.86 0.02 0.24 0.40 0.36 0.79 
0.76 0.80 0.40 0.58 0.65 0.98 0.57 0.57 0.16 0.62 0.07 0.02 0.58 0.06 0.43 0.34 1.00 0.57 0.86 0.01 0.71 0.93 0.07 0.15 0.54 0.93 0.17 0.78 0.33 0.52 0.57 0.09 
0.33 0.97 0.67 0.98 0.96 0.24 0.55 0.12 0.87 0.62 0.14 0.45 0.68 0.57 0.79 0.68 0.14 0.65 0.69 0.85 0.58 0.75 0.00 0.12 0.68 0.17 0.90 0.01 0.69 0.47 0.10 0.01 
0.45 0.77 0.99 0.40 0.02 0.54 0.52 0.88 0.17 0.66 0.33 0.85 0.23 0.12 0.53 0.37 0.77 0.21 0.22 0.35 0.97 0.22 0.47 0.65 0.39 0.37 0.66 0.08 0.85 0.76 0.09 0.29 
0.54 0.09 0.70 0.55 0.63 0.22 0.44 0.80 0.88 0.77 0.65 0.11 0.89 0.17 0.48 0.66 0.39 0.70 0.01 0.35 0.92 0.48 0.00 0.31 0.86 0.66 0.39 0.70 0.42 0.49 1.00 0.96 
0.57 0.70 0.51 0.21 0.92 0.95 0.01 0.80 0.72 0.65 0.92 0.61 0.83 0.40 0.27 0.21 0.10 0.28 0.57 0.02 0.76 0.57 0.34 0.62 0.23 0.73 0.32 0.66 0.22 0.32 0.62 0.79 
0.02 0.13 1.00 0.94 0.08 0.00 0.74 0.80 0.66 0.66 0.41 0.49 0.05 0.68 0.70 0.15 0.96 0.27 0.18 0.72 0.84 0.52 0.34 0.07 0.25 0.66 0.73 0.47 0.98 0.34 0.26 0.00 
0.48 0.26 0.94 0.56 0.26 0.68 0.36 0.92 0.34 0.77 0.40 0.39 0.44 0.10 0.55 0.40 0.37 0.73 0.11 0.21 0.24 0.45 0.28 0.49 0.11 0.01 0.96 0.10 0.35 0.21 0.10 0.82 
0.47 0.04 0.38 0.73 0.73 0.74 0.65 0.07 0.51 0.05 0.46 0.95 0.15 0.01 0.35 0.53 0.74 0.46 0.74 0.98 0.91 0.02 0.47 0.03 0.02 0.43 0.12 0.37 0.64 0.22 0.19 0.11 
0.27 0.57 0.84 0.99 0.31 0.49 0.06 0.82 0.54 0.52 0.77 0.70 0.52 0.12 0.22 0.26 0.58 0.96 0.24 0.49 0.97 0.71 0.52 0.99 0.14 0.64 0.36 0.78 0.86 0.55 0.90 0.13 
0.13 0.74 0.12 0.44 0.23 0.17 0.26 0.77 0.69 0.03 0.46 0.21 0.14 0.69 0.47 0.72 0.65 0.71 0.21 0.62 0.43 0.72 0.61 0.57 0.36 0.97 0.35 0.23 0.53 0.24 0.35 0.66 

========== GRAPH VALIDATION START ==========
[NODE] id=43 | req=1 | parents=1 | ops=OP_F | is_leaf=0 | grad=0x75b91c813764
[NODE] id=41 | req=1 | parents=1 | ops=OP_EXPAND_COLS | is_leaf=0 | grad=0x75b91c812e68
[NODE] id=39 | req=1 | parents=1 | ops=OP_MEAN | is_leaf=0 | grad=0x75b91c812530
[NODE] id=37 | req=1 | parents=1 | ops=OP_SQUARE | is_leaf=0 | grad=0x75b91c811bf8
[NODE] id=35 | req=1 | parents=2 | ops=OP_SUBTRACT | is_leaf=0 | grad=0x75b91c810b00
[NODE] id=33 | req=1 | parents=2 | ops=OP_ADD | is_leaf=0 | grad=0x75b91c80f9f8
[NODE] id=31 | req=1 | parents=2 | ops=OP_ELEMENT_WISE_PRODUCT | is_leaf=0 | grad=0x75b91c80e8f8
[NODE] id=27 | req=1 | parents=1 | ops=OP_EXPAND_ROWS | is_leaf=0 | grad=0x75b91c80c700
[ERROR] Tensor 0 requires_grad=1 but grad=NULL
[NODE] id=0 | req=1 | parents=0 | ops=LEAF | is_leaf=0 | grad=(nil)
[NODE] id=25 | req=1 | parents=2 | ops=OP_DIVISION | is_leaf=0 | grad=0x75b91c80b608
[NODE] id=21 | req=1 | parents=2 | ops=OP_ADD | is_leaf=0 | grad=0x75b91c809410
[NODE] id=17 | req=1 | parents=1 | ops=OP_EXPAND_COLS | is_leaf=0 | grad=0x75b91c807218
[NODE] id=15 | req=1 | parents=1 | ops=OP_MEAN | is_leaf=0 | grad=0x75b91c8068e0
[NODE] id=13 | req=1 | parents=1 | ops=OP_SQUARE | is_leaf=0 | grad=0x75b91c805fa8
[NODE] id=11 | req=1 | parents=2 | ops=OP_SUBTRACT | is_leaf=0 | grad=0x75b91c804eb0
[NODE] id=4 | req=1 | parents=0 | ops=LEAF | is_leaf=1 | grad=0x75b91c801a20
[NODE] id=9 | req=1 | parents=1 | ops=OP_EXPAND_COLS | is_leaf=0 | grad=0x75b91c803db0
[NODE] id=7 | req=1 | parents=1 | ops=OP_MEAN | is_leaf=0 | grad=0x75b91c803478
[NODE] id=19 | req=1 | parents=1 | ops=OP_FILL_LIKE | is_leaf=0 | grad=0x75b91c808310
[NODE] id=23 | req=1 | parents=1 | ops=OP_SQRT | is_leaf=0 | grad=0x75b91c80a508
[NODE] id=29 | req=1 | parents=1 | ops=OP_EXPAND_ROWS | is_leaf=0 | grad=0x75b91c80d7f8
[NODE] id=1 | req=1 | parents=0 | ops=LEAF | is_leaf=1 | grad=0x75b91c800950

========== GRAPH REPORT ==========
Visited nodes     : 22
Null parents      : 0
Null ops          : 0
Null grad         : 1
Missing links     : 0
1.00 1.00 1.00 1.00 1.00 1.00 1.00 1.00 1.00 1.00 1.00 1.00 1.00 1.00 1.00 1.00 1.00 1.00 1.00 1.00 1.00 1.00 1.00 1.00 1.00 1.00 1.00 1.00 1.00 1.00 1.00 1.00 
1.00 1.00 1.00 1.00 1.00 1.00 1.00 1.00 1.00 1.00 1.00 1.00 1.00 1.00 1.00 1.00 1.00 1.00 1.00 1.00 1.00 1.00 1.00 1.00 1.00 1.00 1.00 1.00 1.00 1.00 1.00 1.00 
1.00 1.00 1.00 1.00 1.00 1.00 1.00 1.00 1.00 1.00 1.00 1.00 1.00 1.00 1.00 1.00 1.00 1.00 1.00 1.00 1.00 1.00 1.00 1.00 1.00 1.00 1.00 1.00 1.00 1.00 1.00 1.00 
1.00 1.00 1.00 1.00 1.00 1.00 1.00 1.00 1.00 1.00 1.00 1.00 1.00 1.00 1.00 1.00 1.00 1.00 1.00 1.00 1.00 1.00 1.00 1.00 1.00 1.00 1.00 1.00 1.00 1.00 1.00 1.00 
1.00 1.00 1.00 1.00 1.00 1.00 1.00 1.00 1.00 1.00 1.00 1.00 1.00 1.00 1.00 1.00 1.00 1.00 1.00 1.00 1.00 1.00 1.00 1.00 1.00 1.00 1.00 1.00 1.00 1.00 1.00 1.00 
1.00 1.00 1.00 1.00 1.00 1.00 1.00 1.00 1.00 1.00 1.00 1.00 1.00 1.00 1.00 1.00 1.00 1.00 1.00 1.00 1.00 1.00 1.00 1.00 1.00 1.00 1.00 1.00 1.00 1.00 1.00 1.00 
1.00 1.00 1.00 1.00 1.00 1.00 1.00 1.00 1.00 1.00 1.00 1.00 1.00 1.00 1.00 1.00 1.00 1.00 1.00 1.00 1.00 1.00 1.00 1.00 1.00 1.00 1.00 1.00 1.00 1.00 1.00 1.00 
1.00 1.00 1.00 1.00 1.00 1.00 1.00 1.00 1.00 1.00 1.00 1.00 1.00 1.00 1.00 1.00 1.00 1.00 1.00 1.00 1.00 1.00 1.00 1.00 1.00 1.00 1.00 1.00 1.00 1.00 1.00 1.00 
1.00 1.00 1.00 1.00 1.00 1.00 1.00 1.00 1.00 1.00 1.00 1.00 1.00 1.00 1.00 1.00 1.00 1.00 1.00 1.00 1.00 1.00 1.00 1.00 1.00 1.00 1.00 1.00 1.00 1.00 1.00 1.00 
1.00 1.00 1.00 1.00 1.00 1.00 1.00 1.00 1.00 1.00 1.00 1.00 1.00 1.00 1.00 1.00 1.00 1.00 1.00 1.00 1.00 1.00 1.00 1.00 1.00 1.00 1.00 1.00 1.00 1.00 1.00 1.00 
1.00 1.00 1.00 1.00 1.00 1.00 1.00 1.00 1.00 1.00 1.00 1.00 1.00 1.00 1.00 1.00 1.00 1.00 1.00 1.00 1.00 1.00 1.00 1.00 1.00 1.00 1.00 1.00 1.00 1.00 1.00 1.00 
1.00 1.00 1.00 1.00 1.00 1.00 1.00 1.00 1.00 1.00 1.00 1.00 1.00 1.00 1.00 1.00 1.00 1.00 1.00 1.00 1.00 1.00 1.00 1.00 1.00 1.00 1.00 1.00 1.00 1.00 1.00 1.00 
1.00 1.00 1.00 1.00 1.00 1.00 1.00 1.00 1.00 1.00 1.00 1.00 1.00 1.00 1.00 1.00 1.00 1.00 1.00 1.00 1.00 1.00 1.00 1.00 1.00 1.00 1.00 1.00 1.00 1.00 1.00 1.00 
1.00 1.00 1.00 1.00 1.00 1.00 1.00 1.00 1.00 1.00 1.00 1.00 1.00 1.00 1.00 1.00 1.00 1.00 1.00 1.00 1.00 1.00 1.00 1.00 1.00 1.00 1.00 1.00 1.00 1.00 1.00 1.00 
1.00 1.00 1.00 1.00 1.00 1.00 1.00 1.00 1.00 1.00 1.00 1.00 1.00 1.00 1.00 1.00 1.00 1.00 1.00 1.00 1.00 1.00 1.00 1.00 1.00 1.00 1.00 1.00 1.00 1.00 1.00 1.00 
1.00 1.00 1.00 1.00 1.00 1.00 1.00 1.00 1.00 1.00 1.00 1.00 1.00 1.00 1.00 1.00 1.00 1.00 1.00 1.00 1.00 1.00 1.00 1.00 1.00 1.00 1.00 1.00 1.00 1.00 1.00 1.00 
[OK] <f_backward> done!
32.00 
32.00 
32.00 
32.00 
32.00 
32.00 
32.00 
32.00 
32.00 
32.00 
32.00 
32.00 
32.00 
32.00 
32.00 
32.00 
[OK] <tensor_expand_cols_backward> done!
1.00 1.00 1.00 1.00 1.00 1.00 1.00 1.00 1.00 1.00 1.00 1.00 1.00 1.00 1.00 1.00 1.00 1.00 1.00 1.00 1.00 1.00 1.00 1.00 1.00 1.00 1.00 1.00 1.00 1.00 1.00 1.00 
1.00 1.00 1.00 1.00 1.00 1.00 1.00 1.00 1.00 1.00 1.00 1.00 1.00 1.00 1.00 1.00 1.00 1.00 1.00 1.00 1.00 1.00 1.00 1.00 1.00 1.00 1.00 1.00 1.00 1.00 1.00 1.00 
1.00 1.00 1.00 1.00 1.00 1.00 1.00 1.00 1.00 1.00 1.00 1.00 1.00 1.00 1.00 1.00 1.00 1.00 1.00 1.00 1.00 1.00 1.00 1.00 1.00 1.00 1.00 1.00 1.00 1.00 1.00 1.00 
1.00 1.00 1.00 1.00 1.00 1.00 1.00 1.00 1.00 1.00 1.00 1.00 1.00 1.00 1.00 1.00 1.00 1.00 1.00 1.00 1.00 1.00 1.00 1.00 1.00 1.00 1.00 1.00 1.00 1.00 1.00 1.00 
1.00 1.00 1.00 1.00 1.00 1.00 1.00 1.00 1.00 1.00 1.00 1.00 1.00 1.00 1.00 1.00 1.00 1.00 1.00 1.00 1.00 1.00 1.00 1.00 1.00 1.00 1.00 1.00 1.00 1.00 1.00 1.00 
1.00 1.00 1.00 1.00 1.00 1.00 1.00 1.00 1.00 1.00 1.00 1.00 1.00 1.00 1.00 1.00 1.00 1.00 1.00 1.00 1.00 1.00 1.00 1.00 1.00 1.00 1.00 1.00 1.00 1.00 1.00 1.00 
1.00 1.00 1.00 1.00 1.00 1.00 1.00 1.00 1.00 1.00 1.00 1.00 1.00 1.00 1.00 1.00 1.00 1.00 1.00 1.00 1.00 1.00 1.00 1.00 1.00 1.00 1.00 1.00 1.00 1.00 1.00 1.00 
1.00 1.00 1.00 1.00 1.00 1.00 1.00 1.00 1.00 1.00 1.00 1.00 1.00 1.00 1.00 1.00 1.00 1.00 1.00 1.00 1.00 1.00 1.00 1.00 1.00 1.00 1.00 1.00 1.00 1.00 1.00 1.00 
1.00 1.00 1.00 1.00 1.00 1.00 1.00 1.00 1.00 1.00 1.00 1.00 1.00 1.00 1.00 1.00 1.00 1.00 1.00 1.00 1.00 1.00 1.00 1.00 1.00 1.00 1.00 1.00 1.00 1.00 1.00 1.00 
1.00 1.00 1.00 1.00 1.00 1.00 1.00 1.00 1.00 1.00 1.00 1.00 1.00 1.00 1.00 1.00 1.00 1.00 1.00 1.00 1.00 1.00 1.00 1.00 1.00 1.00 1.00 1.00 1.00 1.00 1.00 1.00 
1.00 1.00 1.00 1.00 1.00 1.00 1.00 1.00 1.00 1.00 1.00 1.00 1.00 1.00 1.00 1.00 1.00 1.00 1.00 1.00 1.00 1.00 1.00 1.00 1.00 1.00 1.00 1.00 1.00 1.00 1.00 1.00 
1.00 1.00 1.00 1.00 1.00 1.00 1.00 1.00 1.00 1.00 1.00 1.00 1.00 1.00 1.00 1.00 1.00 1.00 1.00 1.00 1.00 1.00 1.00 1.00 1.00 1.00 1.00 1.00 1.00 1.00 1.00 1.00 
1.00 1.00 1.00 1.00 1.00 1.00 1.00 1.00 1.00 1.00 1.00 1.00 1.00 1.00 1.00 1.00 1.00 1.00 1.00 1.00 1.00 1.00 1.00 1.00 1.00 1.00 1.00 1.00 1.00 1.00 1.00 1.00 
1.00 1.00 1.00 1.00 1.00 1.00 1.00 1.00 1.00 1.00 1.00 1.00 1.00 1.00 1.00 1.00 1.00 1.00 1.00 1.00 1.00 1.00 1.00 1.00 1.00 1.00 1.00 1.00 1.00 1.00 1.00 1.00 
1.00 1.00 1.00 1.00 1.00 1.00 1.00 1.00 1.00 1.00 1.00 1.00 1.00 1.00 1.00 1.00 1.00 1.00 1.00 1.00 1.00 1.00 1.00 1.00 1.00 1.00 1.00 1.00 1.00 1.00 1.00 1.00 
1.00 1.00 1.00 1.00 1.00 1.00 1.00 1.00 1.00 1.00 1.00 1.00 1.00 1.00 1.00 1.00 1.00 1.00 1.00 1.00 1.00 1.00 1.00 1.00 1.00 1.00 1.00 1.00 1.00 1.00 1.00 1.00 
[OK] <tensor_mean_backward> done!
2.00 2.00 2.00 2.00 2.00 2.00 2.00 2.00 2.00 2.00 2.00 2.00 2.00 2.00 2.00 2.00 2.00 2.00 2.00 2.00 2.00 2.00 2.00 2.00 2.00 2.00 2.00 2.00 2.00 2.00 2.00 2.00 
2.00 2.00 2.00 2.00 2.00 2.00 2.00 2.00 2.00 2.00 2.00 2.00 2.00 2.00 2.00 2.00 2.00 2.00 2.00 2.00 2.00 2.00 2.00 2.00 2.00 2.00 2.00 2.00 2.00 2.00 2.00 2.00 
2.00 2.00 2.00 2.00 2.00 2.00 2.00 2.00 2.00 2.00 2.00 2.00 2.00 2.00 2.00 2.00 2.00 2.00 2.00 2.00 2.00 2.00 2.00 2.00 2.00 2.00 2.00 2.00 2.00 2.00 2.00 2.00 
2.00 2.00 2.00 2.00 2.00 2.00 2.00 2.00 2.00 2.00 2.00 2.00 2.00 2.00 2.00 2.00 2.00 2.00 2.00 2.00 2.00 2.00 2.00 2.00 2.00 2.00 2.00 2.00 2.00 2.00 2.00 2.00 
2.00 2.00 2.00 2.00 2.00 2.00 2.00 2.00 2.00 2.00 2.00 2.00 2.00 2.00 2.00 2.00 2.00 2.00 2.00 2.00 2.00 2.00 2.00 2.00 2.00 2.00 2.00 2.00 2.00 2.00 2.00 2.00 
2.00 2.00 2.00 2.00 2.00 2.00 2.00 2.00 2.00 2.00 2.00 2.00 2.00 2.00 2.00 2.00 2.00 2.00 2.00 2.00 2.00 2.00 2.00 2.00 2.00 2.00 2.00 2.00 2.00 2.00 2.00 2.00 
2.00 2.00 2.00 2.00 2.00 2.00 2.00 2.00 2.00 2.00 2.00 2.00 2.00 2.00 2.00 2.00 2.00 2.00 2.00 2.00 2.00 2.00 2.00 2.00 2.00 2.00 2.00 2.00 2.00 2.00 2.00 2.00 
2.00 2.00 2.00 2.00 2.00 2.00 2.00 2.00 2.00 2.00 2.00 2.00 2.00 2.00 2.00 2.00 2.00 2.00 2.00 2.00 2.00 2.00 2.00 2.00 2.00 2.00 2.00 2.00 2.00 2.00 2.00 2.00 
2.00 2.00 2.00 2.00 2.00 2.00 2.00 2.00 2.00 2.00 2.00 2.00 2.00 2.00 2.00 2.00 2.00 2.00 2.00 2.00 2.00 2.00 2.00 2.00 2.00 2.00 2.00 2.00 2.00 2.00 2.00 2.00 
2.00 2.00 2.00 2.00 2.00 2.00 2.00 2.00 2.00 2.00 2.00 2.00 2.00 2.00 2.00 2.00 2.00 2.00 2.00 2.00 2.00 2.00 2.00 2.00 2.00 2.00 2.00 2.00 2.00 2.00 2.00 2.00 
2.00 2.00 2.00 2.00 2.00 2.00 2.00 2.00 2.00 2.00 2.00 2.00 2.00 2.00 2.00 2.00 2.00 2.00 2.00 2.00 2.00 2.00 2.00 2.00 2.00 2.00 2.00 2.00 2.00 2.00 2.00 2.00 
2.00 2.00 2.00 2.00 2.00 2.00 2.00 2.00 2.00 2.00 2.00 2.00 2.00 2.00 2.00 2.00 2.00 2.00 2.00 2.00 2.00 2.00 2.00 2.00 2.00 2.00 2.00 2.00 2.00 2.00 2.00 2.00 
2.00 2.00 2.00 2.00 2.00 2.00 2.00 2.00 2.00 2.00 2.00 2.00 2.00 2.00 2.00 2.00 2.00 2.00 2.00 2.00 2.00 2.00 2.00 2.00 2.00 2.00 2.00 2.00 2.00 2.00 2.00 2.00 
2.00 2.00 2.00 2.00 2.00 2.00 2.00 2.00 2.00 2.00 2.00 2.00 2.00 2.00 2.00 2.00 2.00 2.00 2.00 2.00 2.00 2.00 2.00 2.00 2.00 2.00 2.00 2.00 2.00 2.00 2.00 2.00 
2.00 2.00 2.00 2.00 2.00 2.00 2.00 2.00 2.00 2.00 2.00 2.00 2.00 2.00 2.00 2.00 2.00 2.00 2.00 2.00 2.00 2.00 2.00 2.00 2.00 2.00 2.00 2.00 2.00 2.00 2.00 2.00 
2.00 2.00 2.00 2.00 2.00 2.00 2.00 2.00 2.00 2.00 2.00 2.00 2.00 2.00 2.00 2.00 2.00 2.00 2.00 2.00 2.00 2.00 2.00 2.00 2.00 2.00 2.00 2.00 2.00 2.00 2.00 2.00 

[OK] <tensor_square_backward> done!
o->parents: 2
2.00 2.00 2.00 2.00 2.00 2.00 2.00 2.00 2.00 2.00 2.00 2.00 2.00 2.00 2.00 2.00 2.00 2.00 2.00 2.00 2.00 2.00 2.00 2.00 2.00 2.00 2.00 2.00 2.00 2.00 2.00 2.00 
2.00 2.00 2.00 2.00 2.00 2.00 2.00 2.00 2.00 2.00 2.00 2.00 2.00 2.00 2.00 2.00 2.00 2.00 2.00 2.00 2.00 2.00 2.00 2.00 2.00 2.00 2.00 2.00 2.00 2.00 2.00 2.00 
2.00 2.00 2.00 2.00 2.00 2.00 2.00 2.00 2.00 2.00 2.00 2.00 2.00 2.00 2.00 2.00 2.00 2.00 2.00 2.00 2.00 2.00 2.00 2.00 2.00 2.00 2.00 2.00 2.00 2.00 2.00 2.00 
2.00 2.00 2.00 2.00 2.00 2.00 2.00 2.00 2.00 2.00 2.00 2.00 2.00 2.00 2.00 2.00 2.00 2.00 2.00 2.00 2.00 2.00 2.00 2.00 2.00 2.00 2.00 2.00 2.00 2.00 2.00 2.00 
2.00 2.00 2.00 2.00 2.00 2.00 2.00 2.00 2.00 2.00 2.00 2.00 2.00 2.00 2.00 2.00 2.00 2.00 2.00 2.00 2.00 2.00 2.00 2.00 2.00 2.00 2.00 2.00 2.00 2.00 2.00 2.00 
2.00 2.00 2.00 2.00 2.00 2.00 2.00 2.00 2.00 2.00 2.00 2.00 2.00 2.00 2.00 2.00 2.00 2.00 2.00 2.00 2.00 2.00 2.00 2.00 2.00 2.00 2.00 2.00 2.00 2.00 2.00 2.00 
2.00 2.00 2.00 2.00 2.00 2.00 2.00 2.00 2.00 2.00 2.00 2.00 2.00 2.00 2.00 2.00 2.00 2.00 2.00 2.00 2.00 2.00 2.00 2.00 2.00 2.00 2.00 2.00 2.00 2.00 2.00 2.00 
2.00 2.00 2.00 2.00 2.00 2.00 2.00 2.00 2.00 2.00 2.00 2.00 2.00 2.00 2.00 2.00 2.00 2.00 2.00 2.00 2.00 2.00 2.00 2.00 2.00 2.00 2.00 2.00 2.00 2.00 2.00 2.00 
2.00 2.00 2.00 2.00 2.00 2.00 2.00 2.00 2.00 2.00 2.00 2.00 2.00 2.00 2.00 2.00 2.00 2.00 2.00 2.00 2.00 2.00 2.00 2.00 2.00 2.00 2.00 2.00 2.00 2.00 2.00 2.00 
2.00 2.00 2.00 2.00 2.00 2.00 2.00 2.00 2.00 2.00 2.00 2.00 2.00 2.00 2.00 2.00 2.00 2.00 2.00 2.00 2.00 2.00 2.00 2.00 2.00 2.00 2.00 2.00 2.00 2.00 2.00 2.00 
2.00 2.00 2.00 2.00 2.00 2.00 2.00 2.00 2.00 2.00 2.00 2.00 2.00 2.00 2.00 2.00 2.00 2.00 2.00 2.00 2.00 2.00 2.00 2.00 2.00 2.00 2.00 2.00 2.00 2.00 2.00 2.00 
2.00 2.00 2.00 2.00 2.00 2.00 2.00 2.00 2.00 2.00 2.00 2.00 2.00 2.00 2.00 2.00 2.00 2.00 2.00 2.00 2.00 2.00 2.00 2.00 2.00 2.00 2.00 2.00 2.00 2.00 2.00 2.00 
2.00 2.00 2.00 2.00 2.00 2.00 2.00 2.00 2.00 2.00 2.00 2.00 2.00 2.00 2.00 2.00 2.00 2.00 2.00 2.00 2.00 2.00 2.00 2.00 2.00 2.00 2.00 2.00 2.00 2.00 2.00 2.00 
2.00 2.00 2.00 2.00 2.00 2.00 2.00 2.00 2.00 2.00 2.00 2.00 2.00 2.00 2.00 2.00 2.00 2.00 2.00 2.00 2.00 2.00 2.00 2.00 2.00 2.00 2.00 2.00 2.00 2.00 2.00 2.00 
2.00 2.00 2.00 2.00 2.00 2.00 2.00 2.00 2.00 2.00 2.00 2.00 2.00 2.00 2.00 2.00 2.00 2.00 2.00 2.00 2.00 2.00 2.00 2.00 2.00 2.00 2.00 2.00 2.00 2.00 2.00 2.00 
2.00 2.00 2.00 2.00 2.00 2.00 2.00 2.00 2.00 2.00 2.00 2.00 2.00 2.00 2.00 2.00 2.00 2.00 2.00 2.00 2.00 2.00 2.00 2.00 2.00 2.00 2.00 2.00 2.00 2.00 2.00 2.00 

-2.00 -2.00 -2.00 -2.00 -2.00 -2.00 -2.00 -2.00 -2.00 -2.00 -2.00 -2.00 -2.00 -2.00 -2.00 -2.00 -2.00 -2.00 -2.00 -2.00 -2.00 -2.00 -2.00 -2.00 -2.00 -2.00 -2.00 -2.00 -2.00 -2.00 -2.00 -2.00 
-2.00 -2.00 -2.00 -2.00 -2.00 -2.00 -2.00 -2.00 -2.00 -2.00 -2.00 -2.00 -2.00 -2.00 -2.00 -2.00 -2.00 -2.00 -2.00 -2.00 -2.00 -2.00 -2.00 -2.00 -2.00 -2.00 -2.00 -2.00 -2.00 -2.00 -2.00 -2.00 
-2.00 -2.00 -2.00 -2.00 -2.00 -2.00 -2.00 -2.00 -2.00 -2.00 -2.00 -2.00 -2.00 -2.00 -2.00 -2.00 -2.00 -2.00 -2.00 -2.00 -2.00 -2.00 -2.00 -2.00 -2.00 -2.00 -2.00 -2.00 -2.00 -2.00 -2.00 -2.00 
-2.00 -2.00 -2.00 -2.00 -2.00 -2.00 -2.00 -2.00 -2.00 -2.00 -2.00 -2.00 -2.00 -2.00 -2.00 -2.00 -2.00 -2.00 -2.00 -2.00 -2.00 -2.00 -2.00 -2.00 -2.00 -2.00 -2.00 -2.00 -2.00 -2.00 -2.00 -2.00 
-2.00 -2.00 -2.00 -2.00 -2.00 -2.00 -2.00 -2.00 -2.00 -2.00 -2.00 -2.00 -2.00 -2.00 -2.00 -2.00 -2.00 -2.00 -2.00 -2.00 -2.00 -2.00 -2.00 -2.00 -2.00 -2.00 -2.00 -2.00 -2.00 -2.00 -2.00 -2.00 
-2.00 -2.00 -2.00 -2.00 -2.00 -2.00 -2.00 -2.00 -2.00 -2.00 -2.00 -2.00 -2.00 -2.00 -2.00 -2.00 -2.00 -2.00 -2.00 -2.00 -2.00 -2.00 -2.00 -2.00 -2.00 -2.00 -2.00 -2.00 -2.00 -2.00 -2.00 -2.00 
-2.00 -2.00 -2.00 -2.00 -2.00 -2.00 -2.00 -2.00 -2.00 -2.00 -2.00 -2.00 -2.00 -2.00 -2.00 -2.00 -2.00 -2.00 -2.00 -2.00 -2.00 -2.00 -2.00 -2.00 -2.00 -2.00 -2.00 -2.00 -2.00 -2.00 -2.00 -2.00 
-2.00 -2.00 -2.00 -2.00 -2.00 -2.00 -2.00 -2.00 -2.00 -2.00 -2.00 -2.00 -2.00 -2.00 -2.00 -2.00 -2.00 -2.00 -2.00 -2.00 -2.00 -2.00 -2.00 -2.00 -2.00 -2.00 -2.00 -2.00 -2.00 -2.00 -2.00 -2.00 
-2.00 -2.00 -2.00 -2.00 -2.00 -2.00 -2.00 -2.00 -2.00 -2.00 -2.00 -2.00 -2.00 -2.00 -2.00 -2.00 -2.00 -2.00 -2.00 -2.00 -2.00 -2.00 -2.00 -2.00 -2.00 -2.00 -2.00 -2.00 -2.00 -2.00 -2.00 -2.00 
-2.00 -2.00 -2.00 -2.00 -2.00 -2.00 -2.00 -2.00 -2.00 -2.00 -2.00 -2.00 -2.00 -2.00 -2.00 -2.00 -2.00 -2.00 -2.00 -2.00 -2.00 -2.00 -2.00 -2.00 -2.00 -2.00 -2.00 -2.00 -2.00 -2.00 -2.00 -2.00 
-2.00 -2.00 -2.00 -2.00 -2.00 -2.00 -2.00 -2.00 -2.00 -2.00 -2.00 -2.00 -2.00 -2.00 -2.00 -2.00 -2.00 -2.00 -2.00 -2.00 -2.00 -2.00 -2.00 -2.00 -2.00 -2.00 -2.00 -2.00 -2.00 -2.00 -2.00 -2.00 
-2.00 -2.00 -2.00 -2.00 -2.00 -2.00 -2.00 -2.00 -2.00 -2.00 -2.00 -2.00 -2.00 -2.00 -2.00 -2.00 -2.00 -2.00 -2.00 -2.00 -2.00 -2.00 -2.00 -2.00 -2.00 -2.00 -2.00 -2.00 -2.00 -2.00 -2.00 -2.00 
-2.00 -2.00 -2.00 -2.00 -2.00 -2.00 -2.00 -2.00 -2.00 -2.00 -2.00 -2.00 -2.00 -2.00 -2.00 -2.00 -2.00 -2.00 -2.00 -2.00 -2.00 -2.00 -2.00 -2.00 -2.00 -2.00 -2.00 -2.00 -2.00 -2.00 -2.00 -2.00 
-2.00 -2.00 -2.00 -2.00 -2.00 -2.00 -2.00 -2.00 -2.00 -2.00 -2.00 -2.00 -2.00 -2.00 -2.00 -2.00 -2.00 -2.00 -2.00 -2.00 -2.00 -2.00 -2.00 -2.00 -2.00 -2.00 -2.00 -2.00 -2.00 -2.00 -2.00 -2.00 
-2.00 -2.00 -2.00 -2.00 -2.00 -2.00 -2.00 -2.00 -2.00 -2.00 -2.00 -2.00 -2.00 -2.00 -2.00 -2.00 -2.00 -2.00 -2.00 -2.00 -2.00 -2.00 -2.00 -2.00 -2.00 -2.00 -2.00 -2.00 -2.00 -2.00 -2.00 -2.00 
-2.00 -2.00 -2.00 -2.00 -2.00 -2.00 -2.00 -2.00 -2.00 -2.00 -2.00 -2.00 -2.00 -2.00 -2.00 -2.00 -2.00 -2.00 -2.00 -2.00 -2.00 -2.00 -2.00 -2.00 -2.00 -2.00 -2.00 -2.00 -2.00 -2.00 -2.00 -2.00 
[OK] <tensor_subtract_backward> done!
o->parents: 2
2.00 2.00 2.00 2.00 2.00 2.00 2.00 2.00 2.00 2.00 2.00 2.00 2.00 2.00 2.00 2.00 2.00 2.00 2.00 2.00 2.00 2.00 2.00 2.00 2.00 2.00 2.00 2.00 2.00 2.00 2.00 2.00 
2.00 2.00 2.00 2.00 2.00 2.00 2.00 2.00 2.00 2.00 2.00 2.00 2.00 2.00 2.00 2.00 2.00 2.00 2.00 2.00 2.00 2.00 2.00 2.00 2.00 2.00 2.00 2.00 2.00 2.00 2.00 2.00 
2.00 2.00 2.00 2.00 2.00 2.00 2.00 2.00 2.00 2.00 2.00 2.00 2.00 2.00 2.00 2.00 2.00 2.00 2.00 2.00 2.00 2.00 2.00 2.00 2.00 2.00 2.00 2.00 2.00 2.00 2.00 2.00 
2.00 2.00 2.00 2.00 2.00 2.00 2.00 2.00 2.00 2.00 2.00 2.00 2.00 2.00 2.00 2.00 2.00 2.00 2.00 2.00 2.00 2.00 2.00 2.00 2.00 2.00 2.00 2.00 2.00 2.00 2.00 2.00 
2.00 2.00 2.00 2.00 2.00 2.00 2.00 2.00 2.00 2.00 2.00 2.00 2.00 2.00 2.00 2.00 2.00 2.00 2.00 2.00 2.00 2.00 2.00 2.00 2.00 2.00 2.00 2.00 2.00 2.00 2.00 2.00 
2.00 2.00 2.00 2.00 2.00 2.00 2.00 2.00 2.00 2.00 2.00 2.00 2.00 2.00 2.00 2.00 2.00 2.00 2.00 2.00 2.00 2.00 2.00 2.00 2.00 2.00 2.00 2.00 2.00 2.00 2.00 2.00 
2.00 2.00 2.00 2.00 2.00 2.00 2.00 2.00 2.00 2.00 2.00 2.00 2.00 2.00 2.00 2.00 2.00 2.00 2.00 2.00 2.00 2.00 2.00 2.00 2.00 2.00 2.00 2.00 2.00 2.00 2.00 2.00 
2.00 2.00 2.00 2.00 2.00 2.00 2.00 2.00 2.00 2.00 2.00 2.00 2.00 2.00 2.00 2.00 2.00 2.00 2.00 2.00 2.00 2.00 2.00 2.00 2.00 2.00 2.00 2.00 2.00 2.00 2.00 2.00 
2.00 2.00 2.00 2.00 2.00 2.00 2.00 2.00 2.00 2.00 2.00 2.00 2.00 2.00 2.00 2.00 2.00 2.00 2.00 2.00 2.00 2.00 2.00 2.00 2.00 2.00 2.00 2.00 2.00 2.00 2.00 2.00 
2.00 2.00 2.00 2.00 2.00 2.00 2.00 2.00 2.00 2.00 2.00 2.00 2.00 2.00 2.00 2.00 2.00 2.00 2.00 2.00 2.00 2.00 2.00 2.00 2.00 2.00 2.00 2.00 2.00 2.00 2.00 2.00 
2.00 2.00 2.00 2.00 2.00 2.00 2.00 2.00 2.00 2.00 2.00 2.00 2.00 2.00 2.00 2.00 2.00 2.00 2.00 2.00 2.00 2.00 2.00 2.00 2.00 2.00 2.00 2.00 2.00 2.00 2.00 2.00 
2.00 2.00 2.00 2.00 2.00 2.00 2.00 2.00 2.00 2.00 2.00 2.00 2.00 2.00 2.00 2.00 2.00 2.00 2.00 2.00 2.00 2.00 2.00 2.00 2.00 2.00 2.00 2.00 2.00 2.00 2.00 2.00 
2.00 2.00 2.00 2.00 2.00 2.00 2.00 2.00 2.00 2.00 2.00 2.00 2.00 2.00 2.00 2.00 2.00 2.00 2.00 2.00 2.00 2.00 2.00 2.00 2.00 2.00 2.00 2.00 2.00 2.00 2.00 2.00 
2.00 2.00 2.00 2.00 2.00 2.00 2.00 2.00 2.00 2.00 2.00 2.00 2.00 2.00 2.00 2.00 2.00 2.00 2.00 2.00 2.00 2.00 2.00 2.00 2.00 2.00 2.00 2.00 2.00 2.00 2.00 2.00 
2.00 2.00 2.00 2.00 2.00 2.00 2.00 2.00 2.00 2.00 2.00 2.00 2.00 2.00 2.00 2.00 2.00 2.00 2.00 2.00 2.00 2.00 2.00 2.00 2.00 2.00 2.00 2.00 2.00 2.00 2.00 2.00 
2.00 2.00 2.00 2.00 2.00 2.00 2.00 2.00 2.00 2.00 2.00 2.00 2.00 2.00 2.00 2.00 2.00 2.00 2.00 2.00 2.00 2.00 2.00 2.00 2.00 2.00 2.00 2.00 2.00 2.00 2.00 2.00 

2.00 2.00 2.00 2.00 2.00 2.00 2.00 2.00 2.00 2.00 2.00 2.00 2.00 2.00 2.00 2.00 2.00 2.00 2.00 2.00 2.00 2.00 2.00 2.00 2.00 2.00 2.00 2.00 2.00 2.00 2.00 2.00 
2.00 2.00 2.00 2.00 2.00 2.00 2.00 2.00 2.00 2.00 2.00 2.00 2.00 2.00 2.00 2.00 2.00 2.00 2.00 2.00 2.00 2.00 2.00 2.00 2.00 2.00 2.00 2.00 2.00 2.00 2.00 2.00 
2.00 2.00 2.00 2.00 2.00 2.00 2.00 2.00 2.00 2.00 2.00 2.00 2.00 2.00 2.00 2.00 2.00 2.00 2.00 2.00 2.00 2.00 2.00 2.00 2.00 2.00 2.00 2.00 2.00 2.00 2.00 2.00 
2.00 2.00 2.00 2.00 2.00 2.00 2.00 2.00 2.00 2.00 2.00 2.00 2.00 2.00 2.00 2.00 2.00 2.00 2.00 2.00 2.00 2.00 2.00 2.00 2.00 2.00 2.00 2.00 2.00 2.00 2.00 2.00 
2.00 2.00 2.00 2.00 2.00 2.00 2.00 2.00 2.00 2.00 2.00 2.00 2.00 2.00 2.00 2.00 2.00 2.00 2.00 2.00 2.00 2.00 2.00 2.00 2.00 2.00 2.00 2.00 2.00 2.00 2.00 2.00 
2.00 2.00 2.00 2.00 2.00 2.00 2.00 2.00 2.00 2.00 2.00 2.00 2.00 2.00 2.00 2.00 2.00 2.00 2.00 2.00 2.00 2.00 2.00 2.00 2.00 2.00 2.00 2.00 2.00 2.00 2.00 2.00 
2.00 2.00 2.00 2.00 2.00 2.00 2.00 2.00 2.00 2.00 2.00 2.00 2.00 2.00 2.00 2.00 2.00 2.00 2.00 2.00 2.00 2.00 2.00 2.00 2.00 2.00 2.00 2.00 2.00 2.00 2.00 2.00 
2.00 2.00 2.00 2.00 2.00 2.00 2.00 2.00 2.00 2.00 2.00 2.00 2.00 2.00 2.00 2.00 2.00 2.00 2.00 2.00 2.00 2.00 2.00 2.00 2.00 2.00 2.00 2.00 2.00 2.00 2.00 2.00 
2.00 2.00 2.00 2.00 2.00 2.00 2.00 2.00 2.00 2.00 2.00 2.00 2.00 2.00 2.00 2.00 2.00 2.00 2.00 2.00 2.00 2.00 2.00 2.00 2.00 2.00 2.00 2.00 2.00 2.00 2.00 2.00 
2.00 2.00 2.00 2.00 2.00 2.00 2.00 2.00 2.00 2.00 2.00 2.00 2.00 2.00 2.00 2.00 2.00 2.00 2.00 2.00 2.00 2.00 2.00 2.00 2.00 2.00 2.00 2.00 2.00 2.00 2.00 2.00 
2.00 2.00 2.00 2.00 2.00 2.00 2.00 2.00 2.00 2.00 2.00 2.00 2.00 2.00 2.00 2.00 2.00 2.00 2.00 2.00 2.00 2.00 2.00 2.00 2.00 2.00 2.00 2.00 2.00 2.00 2.00 2.00 
2.00 2.00 2.00 2.00 2.00 2.00 2.00 2.00 2.00 2.00 2.00 2.00 2.00 2.00 2.00 2.00 2.00 2.00 2.00 2.00 2.00 2.00 2.00 2.00 2.00 2.00 2.00 2.00 2.00 2.00 2.00 2.00 
2.00 2.00 2.00 2.00 2.00 2.00 2.00 2.00 2.00 2.00 2.00 2.00 2.00 2.00 2.00 2.00 2.00 2.00 2.00 2.00 2.00 2.00 2.00 2.00 2.00 2.00 2.00 2.00 2.00 2.00 2.00 2.00 
2.00 2.00 2.00 2.00 2.00 2.00 2.00 2.00 2.00 2.00 2.00 2.00 2.00 2.00 2.00 2.00 2.00 2.00 2.00 2.00 2.00 2.00 2.00 2.00 2.00 2.00 2.00 2.00 2.00 2.00 2.00 2.00 
2.00 2.00 2.00 2.00 2.00 2.00 2.00 2.00 2.00 2.00 2.00 2.00 2.00 2.00 2.00 2.00 2.00 2.00 2.00 2.00 2.00 2.00 2.00 2.00 2.00 2.00 2.00 2.00 2.00 2.00 2.00 2.00 
2.00 2.00 2.00 2.00 2.00 2.00 2.00 2.00 2.00 2.00 2.00 2.00 2.00 2.00 2.00 2.00 2.00 2.00 2.00 2.00 2.00 2.00 2.00 2.00 2.00 2.00 2.00 2.00 2.00 2.00 2.00 2.00 
[OK] <tensor_add_backward> done!
32.00 32.00 32.00 32.00 32.00 32.00 32.00 32.00 32.00 32.00 32.00 32.00 32.00 32.00 32.00 32.00 32.00 32.00 32.00 32.00 32.00 32.00 32.00 32.00 32.00 32.00 32.00 32.00 32.00 32.00 32.00 32.00 
[OK] <tensor_expand_rows> done!
0.73 0.73 0.73 0.73 0.73 0.73 0.73 0.73 0.73 0.73 0.73 0.73 0.73 0.73 0.73 0.73 0.73 0.73 0.73 0.73 0.73 0.73 0.73 0.73 0.73 0.73 0.73 0.73 0.73 0.73 0.73 0.73 
0.89 0.89 0.89 0.89 0.89 0.89 0.89 0.89 0.89 0.89 0.89 0.89 0.89 0.89 0.89 0.89 0.89 0.89 0.89 0.89 0.89 0.89 0.89 0.89 0.89 0.89 0.89 0.89 0.89 0.89 0.89 0.89 
0.80 0.80 0.80 0.80 0.80 0.80 0.80 0.80 0.80 0.80 0.80 0.80 0.80 0.80 0.80 0.80 0.80 0.80 0.80 0.80 0.80 0.80 0.80 0.80 0.80 0.80 0.80 0.80 0.80 0.80 0.80 0.80 
0.88 0.88 0.88 0.88 0.88 0.88 0.88 0.88 0.88 0.88 0.88 0.88 0.88 0.88 0.88 0.88 0.88 0.88 0.88 0.88 0.88 0.88 0.88 0.88 0.88 0.88 0.88 0.88 0.88 0.88 0.88 0.88 
0.92 0.92 0.92 0.92 0.92 0.92 0.92 0.92 0.92 0.92 0.92 0.92 0.92 0.92 0.92 0.92 0.92 0.92 0.92 0.92 0.92 0.92 0.92 0.92 0.92 0.92 0.92 0.92 0.92 0.92 0.92 0.92 
0.78 0.78 0.78 0.78 0.78 0.78 0.78 0.78 0.78 0.78 0.78 0.78 0.78 0.78 0.78 0.78 0.78 0.78 0.78 0.78 0.78 0.78 0.78 0.78 0.78 0.78 0.78 0.78 0.78 0.78 0.78 0.78 
0.86 0.86 0.86 0.86 0.86 0.86 0.86 0.86 0.86 0.86 0.86 0.86 0.86 0.86 0.86 0.86 0.86 0.86 0.86 0.86 0.86 0.86 0.86 0.86 0.86 0.86 0.86 0.86 0.86 0.86 0.86 0.86 
0.81 0.81 0.81 0.81 0.81 0.81 0.81 0.81 0.81 0.81 0.81 0.81 0.81 0.81 0.81 0.81 0.81 0.81 0.81 0.81 0.81 0.81 0.81 0.81 0.81 0.81 0.81 0.81 0.81 0.81 0.81 0.81 
0.82 0.82 0.82 0.82 0.82 0.82 0.82 0.82 0.82 0.82 0.82 0.82 0.82 0.82 0.82 0.82 0.82 0.82 0.82 0.82 0.82 0.82 0.82 0.82 0.82 0.82 0.82 0.82 0.82 0.82 0.82 0.82 
0.75 0.75 0.75 0.75 0.75 0.75 0.75 0.75 0.75 0.75 0.75 0.75 0.75 0.75 0.75 0.75 0.75 0.75 0.75 0.75 0.75 0.75 0.75 0.75 0.75 0.75 0.75 0.75 0.75 0.75 0.75 0.75 
0.73 0.73 0.73 0.73 0.73 0.73 0.73 0.73 0.73 0.73 0.73 0.73 0.73 0.73 0.73 0.73 0.73 0.73 0.73 0.73 0.73 0.73 0.73 0.73 0.73 0.73 0.73 0.73 0.73 0.73 0.73 0.73 
0.87 0.87 0.87 0.87 0.87 0.87 0.87 0.87 0.87 0.87 0.87 0.87 0.87 0.87 0.87 0.87 0.87 0.87 0.87 0.87 0.87 0.87 0.87 0.87 0.87 0.87 0.87 0.87 0.87 0.87 0.87 0.87 
0.86 0.86 0.86 0.86 0.86 0.86 0.86 0.86 0.86 0.86 0.86 0.86 0.86 0.86 0.86 0.86 0.86 0.86 0.86 0.86 0.86 0.86 0.86 0.86 0.86 0.86 0.86 0.86 0.86 0.86 0.86 0.86 
0.82 0.82 0.82 0.82 0.82 0.82 0.82 0.82 0.82 0.82 0.82 0.82 0.82 0.82 0.82 0.82 0.82 0.82 0.82 0.82 0.82 0.82 0.82 0.82 0.82 0.82 0.82 0.82 0.82 0.82 0.82 0.82 
0.91 0.91 0.91 0.91 0.91 0.91 0.91 0.91 0.91 0.91 0.91 0.91 0.91 0.91 0.91 0.91 0.91 0.91 0.91 0.91 0.91 0.91 0.91 0.91 0.91 0.91 0.91 0.91 0.91 0.91 0.91 0.91 
0.84 0.84 0.84 0.84 0.84 0.84 0.84 0.84 0.84 0.84 0.84 0.84 0.84 0.84 0.84 0.84 0.84 0.84 0.84 0.84 0.84 0.84 0.84 0.84 0.84 0.84 0.84 0.84 0.84 0.84 0.84 0.84 

0.91 0.27 1.83 0.74 1.78 1.12 0.72 0.27 0.24 1.61 0.12 0.36 0.26 0.77 0.20 1.69 0.43 0.80 1.67 0.16 1.18 1.49 0.79 1.42 0.41 1.40 1.21 0.00 0.05 1.94 1.58 0.96 
0.21 1.40 1.70 1.99 0.53 0.41 0.26 0.77 0.02 0.38 1.13 0.29 1.16 1.33 1.97 1.59 0.13 1.65 1.75 1.30 1.13 0.54 0.73 1.55 1.94 1.93 1.55 1.98 1.88 1.13 0.94 0.08 
0.53 0.64 0.07 1.06 1.05 0.33 1.83 1.08 0.71 0.95 1.36 1.87 0.28 1.33 1.46 0.41 0.98 1.20 1.71 0.11 1.74 0.44 1.66 1.67 0.37 1.21 1.66 0.25 0.34 0.60 0.33 0.87 
1.24 0.40 1.93 0.29 0.73 1.76 1.37 1.44 0.72 0.73 1.30 1.00 0.06 0.76 1.41 1.04 1.96 1.12 1.16 1.70 1.56 0.82 1.37 1.93 0.03 1.02 0.18 0.37 1.62 0.51 1.25 0.86 
0.92 1.18 1.15 1.64 0.94 0.52 1.08 1.66 1.25 0.38 0.65 1.32 1.14 0.06 0.36 1.10 1.18 1.52 0.79 0.74 0.34 0.16 0.67 0.37 1.19 0.86 0.74 0.81 1.37 1.99 1.67 0.28 
1.17 0.82 1.93 0.11 1.35 1.01 1.77 0.60 1.39 0.42 1.91 0.53 0.48 0.27 1.63 1.67 1.79 0.42 0.41 0.13 0.58 1.08 0.50 1.77 1.94 1.24 0.58 1.31 1.23 0.25 1.59 0.40 
1.07 1.52 0.51 0.42 0.52 0.28 1.02 1.91 0.70 0.93 0.44 1.19 1.20 0.07 0.85 0.99 0.49 1.26 1.12 1.07 0.34 1.62 0.84 0.28 0.87 1.41 1.58 0.10 1.66 1.17 0.50 0.74 
0.69 1.01 1.16 1.22 1.29 0.17 1.13 1.99 1.11 1.57 1.18 0.31 1.64 0.03 1.30 0.13 1.29 0.43 1.20 1.64 0.05 0.03 1.91 0.92 1.45 1.50 1.02 1.11 0.67 1.51 1.85 1.37 
0.52 1.00 0.58 1.81 1.18 1.71 1.80 0.28 1.28 0.98 0.59 0.92 1.01 1.89 1.05 0.31 0.32 0.25 1.94 0.37 0.28 1.86 1.29 1.73 1.36 0.30 0.84 0.03 1.82 0.68 1.40 0.34 
1.68 1.98 0.15 0.86 1.69 1.96 1.14 0.98 0.94 1.73 1.90 1.95 1.63 0.95 0.26 1.95 1.20 0.20 0.32 1.48 0.06 1.61 1.21 1.41 1.91 0.04 1.45 1.73 0.72 0.84 0.07 0.41 
0.82 0.22 1.26 0.51 0.18 0.41 1.49 1.11 0.14 1.39 1.07 1.76 0.34 1.32 1.71 1.54 1.52 0.03 1.02 1.58 1.63 0.23 0.99 1.54 0.27 0.44 1.27 0.99 1.28 1.34 1.40 0.11 
1.56 0.66 0.62 1.74 1.07 0.11 0.85 1.21 1.50 1.91 0.97 1.85 1.24 0.68 1.39 0.76 0.70 0.41 0.34 0.34 0.64 1.33 1.88 0.91 1.77 1.15 1.91 1.06 0.49 1.31 1.16 0.04 
1.97 1.78 1.78 1.04 1.90 0.63 0.25 1.40 0.54 1.22 1.24 1.78 1.90 0.63 0.54 0.60 1.04 0.88 0.94 1.68 0.21 0.82 0.59 1.99 1.96 0.50 1.05 0.45 1.81 0.21 0.50 1.78 
2.00 0.27 0.82 1.89 0.90 1.06 1.29 1.45 0.28 0.53 1.23 0.18 1.16 1.76 0.78 0.21 0.64 1.72 1.89 0.86 0.54 0.48 0.85 0.50 0.98 1.89 0.95 0.79 0.11 1.45 0.57 0.10 
1.72 1.39 1.99 0.62 0.45 1.28 0.07 0.73 1.82 1.30 0.91 0.98 1.06 1.70 1.19 1.70 1.42 1.08 0.56 1.95 1.56 1.41 0.45 0.54 1.31 1.40 1.34 1.41 0.85 1.91 1.51 0.57 
1.29 1.51 1.20 1.74 0.79 1.27 0.48 0.60 0.56 1.39 1.59 1.62 1.09 0.77 1.33 0.50 1.85 1.89 0.45 1.41 1.30 0.91 1.96 0.61 0.31 1.29 0.02 1.16 1.20 1.53 1.74 0.49 
[OK] <tensor_element_wise_product_backward> done!
1.83 0.53 3.65 1.47 3.56 2.25 1.43 0.54 0.48 3.22 0.25 0.72 0.53 1.55 0.40 3.37 0.87 1.60 3.35 0.31 2.35 2.97 1.58 2.84 0.83 2.80 2.42 0.01 0.09 3.88 3.16 1.92 
0.41 2.81 3.39 3.97 1.05 0.83 0.52 1.54 0.04 0.76 2.25 0.57 2.31 2.66 3.95 3.18 0.26 3.29 3.49 2.61 2.27 1.08 1.45 3.09 3.87 3.87 3.10 3.96 3.75 2.26 1.89 0.17 
1.07 1.28 0.14 2.12 2.11 0.65 3.66 2.15 1.42 1.91 2.72 3.73 0.56 2.67 2.91 0.82 1.96 2.40 3.43 0.23 3.48 0.88 3.32 3.35 0.75 2.42 3.31 0.50 0.68 1.20 0.66 1.75 
2.48 0.80 3.87 0.58 1.46 3.52 2.74 2.87 1.43 1.46 2.60 1.99 0.13 1.51 2.81 2.09 3.92 2.24 2.32 3.39 3.12 1.64 2.74 3.87 0.06 2.05 0.36 0.75 3.25 1.03 2.49 1.72 
1.83 2.36 2.31 3.29 1.88 1.04 2.16 3.31 2.50 0.76 1.31 2.63 2.28 0.12 0.72 2.19 2.36 3.04 1.59 1.48 0.68 0.32 1.35 0.74 2.37 1.71 1.49 1.62 2.74 3.98 3.34 0.57 
2.34 1.65 3.85 0.22 2.69 2.01 3.54 1.20 2.78 0.85 3.83 1.06 0.97 0.55 3.25 3.33 3.58 0.84 0.82 0.26 1.16 2.16 1.00 3.54 3.87 2.48 1.16 2.61 2.46 0.50 3.18 0.80 
2.15 3.03 1.02 0.84 1.05 0.56 2.04 3.83 1.40 1.86 0.88 2.37 2.41 0.14 1.71 1.99 0.97 2.52 2.25 2.14 0.69 3.25 1.67 0.56 1.73 2.83 3.17 0.20 3.33 2.35 1.00 1.47 
1.38 2.02 2.31 2.43 2.58 0.35 2.26 3.98 2.21 3.14 2.36 0.62 3.28 0.06 2.61 0.26 2.59 0.85 2.39 3.27 0.10 0.06 3.83 1.83 2.89 3.00 2.03 2.22 1.35 3.03 3.69 2.73 
1.05 2.00 1.16 3.62 2.35 3.42 3.61 0.56 2.57 1.96 1.18 1.85 2.03 3.79 2.10 0.61 0.64 0.50 3.88 0.74 0.56 3.71 2.58 3.45 2.71 0.61 1.67 0.06 3.63 1.36 2.79 0.68 
3.37 3.96 0.31 1.72 3.38 3.91 2.28 1.95 1.87 3.46 3.80 3.90 3.25 1.90 0.52 3.89 2.40 0.40 0.63 2.96 0.11 3.21 2.41 2.83 3.82 0.08 2.89 3.46 1.45 1.69 0.14 0.81 
1.65 0.44 2.53 1.03 0.35 0.81 2.98 2.23 0.28 2.78 2.13 3.53 0.69 2.65 3.42 3.09 3.05 0.05 2.05 3.16 3.26 0.46 1.99 3.08 0.54 0.88 2.54 1.99 2.57 2.68 2.80 0.21 
3.12 1.33 1.24 3.47 2.14 0.22 1.70 2.42 3.00 3.83 1.94 3.69 2.47 1.36 2.78 1.52 1.41 0.82 0.68 0.67 1.28 2.67 3.76 1.82 3.55 2.30 3.81 2.12 0.97 2.61 2.33 0.09 
3.94 3.57 3.56 2.08 3.79 1.26 0.50 2.80 1.09 2.44 2.49 3.56 3.79 1.26 1.08 1.20 2.08 1.76 1.88 3.36 0.43 1.63 1.19 3.98 3.93 1.00 2.09 0.90 3.61 0.42 0.99 3.55 
3.99 0.55 1.63 3.78 1.81 2.13 2.58 2.89 0.57 1.07 2.45 0.36 2.33 3.53 1.56 0.41 1.29 3.44 3.78 1.72 1.07 0.97 1.70 1.00 1.97 3.79 1.90 1.58 0.21 2.89 1.14 0.20 
3.44 2.77 3.99 1.25 0.90 2.57 0.14 1.47 3.63 2.59 1.83 1.96 2.12 3.39 2.38 3.41 2.83 2.15 1.13 3.90 3.12 2.82 0.91 1.09 2.61 2.81 2.67 2.82 1.70 3.81 3.02 1.15 
2.58 3.01 2.39 3.48 1.58 2.53 0.95 1.21 1.13 2.78 3.17 3.25 2.17 1.55 2.66 1.00 3.70 3.78 0.91 2.82 2.60 1.81 3.91 1.22 0.62 2.58 0.04 2.33 2.39 3.06 3.47 0.98 

[OK] <tensor_square_backward> done!
1.83 0.53 3.65 1.47 3.56 2.25 1.43 0.54 0.48 3.22 0.25 0.72 0.53 1.55 0.40 3.37 0.87 1.60 3.35 0.31 2.35 2.97 1.58 2.84 0.83 2.80 2.42 0.01 0.09 3.88 3.16 1.92 
0.41 2.81 3.39 3.97 1.05 0.83 0.52 1.54 0.04 0.76 2.25 0.57 2.31 2.66 3.95 3.18 0.26 3.29 3.49 2.61 2.27 1.08 1.45 3.09 3.87 3.87 3.10 3.96 3.75 2.26 1.89 0.17 
1.07 1.28 0.14 2.12 2.11 0.65 3.66 2.15 1.42 1.91 2.72 3.73 0.56 2.67 2.91 0.82 1.96 2.40 3.43 0.23 3.48 0.88 3.32 3.35 0.75 2.42 3.31 0.50 0.68 1.20 0.66 1.75 
2.48 0.80 3.87 0.58 1.46 3.52 2.74 2.87 1.43 1.46 2.60 1.99 0.13 1.51 2.81 2.09 3.92 2.24 2.32 3.39 3.12 1.64 2.74 3.87 0.06 2.05 0.36 0.75 3.25 1.03 2.49 1.72 
1.83 2.36 2.31 3.29 1.88 1.04 2.16 3.31 2.50 0.76 1.31 2.63 2.28 0.12 0.72 2.19 2.36 3.04 1.59 1.48 0.68 0.32 1.35 0.74 2.37 1.71 1.49 1.62 2.74 3.98 3.34 0.57 
2.34 1.65 3.85 0.22 2.69 2.01 3.54 1.20 2.78 0.85 3.83 1.06 0.97 0.55 3.25 3.33 3.58 0.84 0.82 0.26 1.16 2.16 1.00 3.54 3.87 2.48 1.16 2.61 2.46 0.50 3.18 0.80 
2.15 3.03 1.02 0.84 1.05 0.56 2.04 3.83 1.40 1.86 0.88 2.37 2.41 0.14 1.71 1.99 0.97 2.52 2.25 2.14 0.69 3.25 1.67 0.56 1.73 2.83 3.17 0.20 3.33 2.35 1.00 1.47 
1.38 2.02 2.31 2.43 2.58 0.35 2.26 3.98 2.21 3.14 2.36 0.62 3.28 0.06 2.61 0.26 2.59 0.85 2.39 3.27 0.10 0.06 3.83 1.83 2.89 3.00 2.03 2.22 1.35 3.03 3.69 2.73 
1.05 2.00 1.16 3.62 2.35 3.42 3.61 0.56 2.57 1.96 1.18 1.85 2.03 3.79 2.10 0.61 0.64 0.50 3.88 0.74 0.56 3.71 2.58 3.45 2.71 0.61 1.67 0.06 3.63 1.36 2.79 0.68 
3.37 3.96 0.31 1.72 3.38 3.91 2.28 1.95 1.87 3.46 3.80 3.90 3.25 1.90 0.52 3.89 2.40 0.40 0.63 2.96 0.11 3.21 2.41 2.83 3.82 0.08 2.89 3.46 1.45 1.69 0.14 0.81 
1.65 0.44 2.53 1.03 0.35 0.81 2.98 2.23 0.28 2.78 2.13 3.53 0.69 2.65 3.42 3.09 3.05 0.05 2.05 3.16 3.26 0.46 1.99 3.08 0.54 0.88 2.54 1.99 2.57 2.68 2.80 0.21 
3.12 1.33 1.24 3.47 2.14 0.22 1.70 2.42 3.00 3.83 1.94 3.69 2.47 1.36 2.78 1.52 1.41 0.82 0.68 0.67 1.28 2.67 3.76 1.82 3.55 2.30 3.81 2.12 0.97 2.61 2.33 0.09 
3.94 3.57 3.56 2.08 3.79 1.26 0.50 2.80 1.09 2.44 2.49 3.56 3.79 1.26 1.08 1.20 2.08 1.76 1.88 3.36 0.43 1.63 1.19 3.98 3.93 1.00 2.09 0.90 3.61 0.42 0.99 3.55 
3.99 0.55 1.63 3.78 1.81 2.13 2.58 2.89 0.57 1.07 2.45 0.36 2.33 3.53 1.56 0.41 1.29 3.44 3.78 1.72 1.07 0.97 1.70 1.00 1.97 3.79 1.90 1.58 0.21 2.89 1.14 0.20 
3.44 2.77 3.99 1.25 0.90 2.57 0.14 1.47 3.63 2.59 1.83 1.96 2.12 3.39 2.38 3.41 2.83 2.15 1.13 3.90 3.12 2.82 0.91 1.09 2.61 2.81 2.67 2.82 1.70 3.81 3.02 1.15 
2.58 3.01 2.39 3.48 1.58 2.53 0.95 1.21 1.13 2.78 3.17 3.25 2.17 1.55 2.66 1.00 3.70 3.78 0.91 2.82 2.60 1.81 3.91 1.22 0.62 2.58 0.04 2.33 2.39 3.06 3.47 0.98 
[OK] <tensor_sqrt_backward> done!
o->parents: 2
1.83 0.53 3.65 1.47 3.56 2.25 1.43 0.54 0.48 3.22 0.25 0.72 0.53 1.55 0.40 3.37 0.87 1.60 3.35 0.31 2.35 2.97 1.58 2.84 0.83 2.80 2.42 0.01 0.09 3.88 3.16 1.92 
0.41 2.81 3.39 3.97 1.05 0.83 0.52 1.54 0.04 0.76 2.25 0.57 2.31 2.66 3.95 3.18 0.26 3.29 3.49 2.61 2.27 1.08 1.45 3.09 3.87 3.87 3.10 3.96 3.75 2.26 1.89 0.17 
1.07 1.28 0.14 2.12 2.11 0.65 3.66 2.15 1.42 1.91 2.72 3.73 0.56 2.67 2.91 0.82 1.96 2.40 3.43 0.23 3.48 0.88 3.32 3.35 0.75 2.42 3.31 0.50 0.68 1.20 0.66 1.75 
2.48 0.80 3.87 0.58 1.46 3.52 2.74 2.87 1.43 1.46 2.60 1.99 0.13 1.51 2.81 2.09 3.92 2.24 2.32 3.39 3.12 1.64 2.74 3.87 0.06 2.05 0.36 0.75 3.25 1.03 2.49 1.72 
1.83 2.36 2.31 3.29 1.88 1.04 2.16 3.31 2.50 0.76 1.31 2.63 2.28 0.12 0.72 2.19 2.36 3.04 1.59 1.48 0.68 0.32 1.35 0.74 2.37 1.71 1.49 1.62 2.74 3.98 3.34 0.57 
2.34 1.65 3.85 0.22 2.69 2.01 3.54 1.20 2.78 0.85 3.83 1.06 0.97 0.55 3.25 3.33 3.58 0.84 0.82 0.26 1.16 2.16 1.00 3.54 3.87 2.48 1.16 2.61 2.46 0.50 3.18 0.80 
2.15 3.03 1.02 0.84 1.05 0.56 2.04 3.83 1.40 1.86 0.88 2.37 2.41 0.14 1.71 1.99 0.97 2.52 2.25 2.14 0.69 3.25 1.67 0.56 1.73 2.83 3.17 0.20 3.33 2.35 1.00 1.47 
1.38 2.02 2.31 2.43 2.58 0.35 2.26 3.98 2.21 3.14 2.36 0.62 3.28 0.06 2.61 0.26 2.59 0.85 2.39 3.27 0.10 0.06 3.83 1.83 2.89 3.00 2.03 2.22 1.35 3.03 3.69 2.73 
1.05 2.00 1.16 3.62 2.35 3.42 3.61 0.56 2.57 1.96 1.18 1.85 2.03 3.79 2.10 0.61 0.64 0.50 3.88 0.74 0.56 3.71 2.58 3.45 2.71 0.61 1.67 0.06 3.63 1.36 2.79 0.68 
3.37 3.96 0.31 1.72 3.38 3.91 2.28 1.95 1.87 3.46 3.80 3.90 3.25 1.90 0.52 3.89 2.40 0.40 0.63 2.96 0.11 3.21 2.41 2.83 3.82 0.08 2.89 3.46 1.45 1.69 0.14 0.81 
1.65 0.44 2.53 1.03 0.35 0.81 2.98 2.23 0.28 2.78 2.13 3.53 0.69 2.65 3.42 3.09 3.05 0.05 2.05 3.16 3.26 0.46 1.99 3.08 0.54 0.88 2.54 1.99 2.57 2.68 2.80 0.21 
3.12 1.33 1.24 3.47 2.14 0.22 1.70 2.42 3.00 3.83 1.94 3.69 2.47 1.36 2.78 1.52 1.41 0.82 0.68 0.67 1.28 2.67 3.76 1.82 3.55 2.30 3.81 2.12 0.97 2.61 2.33 0.09 
3.94 3.57 3.56 2.08 3.79 1.26 0.50 2.80 1.09 2.44 2.49 3.56 3.79 1.26 1.08 1.20 2.08 1.76 1.88 3.36 0.43 1.63 1.19 3.98 3.93 1.00 2.09 0.90 3.61 0.42 0.99 3.55 
3.99 0.55 1.63 3.78 1.81 2.13 2.58 2.89 0.57 1.07 2.45 0.36 2.33 3.53 1.56 0.41 1.29 3.44 3.78 1.72 1.07 0.97 1.70 1.00 1.97 3.79 1.90 1.58 0.21 2.89 1.14 0.20 
3.44 2.77 3.99 1.25 0.90 2.57 0.14 1.47 3.63 2.59 1.83 1.96 2.12 3.39 2.38 3.41 2.83 2.15 1.13 3.90 3.12 2.82 0.91 1.09 2.61 2.81 2.67 2.82 1.70 3.81 3.02 1.15 
2.58 3.01 2.39 3.48 1.58 2.53 0.95 1.21 1.13 2.78 3.17 3.25 2.17 1.55 2.66 1.00 3.70 3.78 0.91 2.82 2.60 1.81 3.91 1.22 0.62 2.58 0.04 2.33 2.39 3.06 3.47 0.98 

1.83 0.53 3.65 1.47 3.56 2.25 1.43 0.54 0.48 3.22 0.25 0.72 0.53 1.55 0.40 3.37 0.87 1.60 3.35 0.31 2.35 2.97 1.58 2.84 0.83 2.80 2.42 0.01 0.09 3.88 3.16 1.92 
0.41 2.81 3.39 3.97 1.05 0.83 0.52 1.54 0.04 0.76 2.25 0.57 2.31 2.66 3.95 3.18 0.26 3.29 3.49 2.61 2.27 1.08 1.45 3.09 3.87 3.87 3.10 3.96 3.75 2.26 1.89 0.17 
1.07 1.28 0.14 2.12 2.11 0.65 3.66 2.15 1.42 1.91 2.72 3.73 0.56 2.67 2.91 0.82 1.96 2.40 3.43 0.23 3.48 0.88 3.32 3.35 0.75 2.42 3.31 0.50 0.68 1.20 0.66 1.75 
2.48 0.80 3.87 0.58 1.46 3.52 2.74 2.87 1.43 1.46 2.60 1.99 0.13 1.51 2.81 2.09 3.92 2.24 2.32 3.39 3.12 1.64 2.74 3.87 0.06 2.05 0.36 0.75 3.25 1.03 2.49 1.72 
1.83 2.36 2.31 3.29 1.88 1.04 2.16 3.31 2.50 0.76 1.31 2.63 2.28 0.12 0.72 2.19 2.36 3.04 1.59 1.48 0.68 0.32 1.35 0.74 2.37 1.71 1.49 1.62 2.74 3.98 3.34 0.57 
2.34 1.65 3.85 0.22 2.69 2.01 3.54 1.20 2.78 0.85 3.83 1.06 0.97 0.55 3.25 3.33 3.58 0.84 0.82 0.26 1.16 2.16 1.00 3.54 3.87 2.48 1.16 2.61 2.46 0.50 3.18 0.80 
2.15 3.03 1.02 0.84 1.05 0.56 2.04 3.83 1.40 1.86 0.88 2.37 2.41 0.14 1.71 1.99 0.97 2.52 2.25 2.14 0.69 3.25 1.67 0.56 1.73 2.83 3.17 0.20 3.33 2.35 1.00 1.47 
1.38 2.02 2.31 2.43 2.58 0.35 2.26 3.98 2.21 3.14 2.36 0.62 3.28 0.06 2.61 0.26 2.59 0.85 2.39 3.27 0.10 0.06 3.83 1.83 2.89 3.00 2.03 2.22 1.35 3.03 3.69 2.73 
1.05 2.00 1.16 3.62 2.35 3.42 3.61 0.56 2.57 1.96 1.18 1.85 2.03 3.79 2.10 0.61 0.64 0.50 3.88 0.74 0.56 3.71 2.58 3.45 2.71 0.61 1.67 0.06 3.63 1.36 2.79 0.68 
3.37 3.96 0.31 1.72 3.38 3.91 2.28 1.95 1.87 3.46 3.80 3.90 3.25 1.90 0.52 3.89 2.40 0.40 0.63 2.96 0.11 3.21 2.41 2.83 3.82 0.08 2.89 3.46 1.45 1.69 0.14 0.81 
1.65 0.44 2.53 1.03 0.35 0.81 2.98 2.23 0.28 2.78 2.13 3.53 0.69 2.65 3.42 3.09 3.05 0.05 2.05 3.16 3.26 0.46 1.99 3.08 0.54 0.88 2.54 1.99 2.57 2.68 2.80 0.21 
3.12 1.33 1.24 3.47 2.14 0.22 1.70 2.42 3.00 3.83 1.94 3.69 2.47 1.36 2.78 1.52 1.41 0.82 0.68 0.67 1.28 2.67 3.76 1.82 3.55 2.30 3.81 2.12 0.97 2.61 2.33 0.09 
3.94 3.57 3.56 2.08 3.79 1.26 0.50 2.80 1.09 2.44 2.49 3.56 3.79 1.26 1.08 1.20 2.08 1.76 1.88 3.36 0.43 1.63 1.19 3.98 3.93 1.00 2.09 0.90 3.61 0.42 0.99 3.55 
3.99 0.55 1.63 3.78 1.81 2.13 2.58 2.89 0.57 1.07 2.45 0.36 2.33 3.53 1.56 0.41 1.29 3.44 3.78 1.72 1.07 0.97 1.70 1.00 1.97 3.79 1.90 1.58 0.21 2.89 1.14 0.20 
3.44 2.77 3.99 1.25 0.90 2.57 0.14 1.47 3.63 2.59 1.83 1.96 2.12 3.39 2.38 3.41 2.83 2.15 1.13 3.90 3.12 2.82 0.91 1.09 2.61 2.81 2.67 2.82 1.70 3.81 3.02 1.15 
2.58 3.01 2.39 3.48 1.58 2.53 0.95 1.21 1.13 2.78 3.17 3.25 2.17 1.55 2.66 1.00 3.70 3.78 0.91 2.82 2.60 1.81 3.91 1.22 0.62 2.58 0.04 2.33 2.39 3.06 3.47 0.98 
[OK] <tensor_add_backward> done!
3.66 1.06 7.30 2.94 7.12 4.49 2.87 1.08 0.96 6.43 0.50 1.43 1.05 3.10 0.81 6.75 1.73 3.20 6.69 0.62 4.71 5.95 3.17 5.68 1.66 5.59 4.84 0.02 0.19 7.76 6.31 3.84 
0.83 5.62 6.79 7.95 2.11 1.66 1.03 3.07 0.09 1.53 4.51 1.14 4.63 5.31 7.89 6.36 0.51 6.59 6.98 5.22 4.53 2.15 2.90 6.19 7.74 7.74 6.20 7.93 7.50 4.52 3.77 0.33 
2.13 2.56 0.28 4.24 4.21 1.31 7.31 4.30 2.83 3.82 5.45 7.46 1.13 5.34 5.82 1.64 3.92 4.80 6.85 0.46 6.95 1.76 6.64 6.69 1.49 4.85 6.62 1.00 1.36 2.39 1.33 3.49 
4.95 1.60 7.73 1.17 2.91 7.05 5.47 5.75 2.86 2.92 5.21 3.99 0.26 3.03 5.63 4.18 7.83 4.48 4.64 6.78 6.24 3.28 5.48 7.73 0.13 4.10 0.73 1.49 6.49 2.06 4.99 3.45 
3.66 4.72 4.61 6.57 3.77 2.09 4.32 6.63 5.00 1.53 2.62 5.26 4.56 0.25 1.44 4.39 4.73 6.07 3.17 2.96 1.35 0.65 2.69 1.48 4.75 3.42 2.97 3.24 5.48 7.96 6.69 1.14 
4.68 3.30 7.71 0.44 5.39 4.03 7.07 2.39 5.56 1.69 7.65 2.12 1.94 1.09 6.50 6.67 7.17 1.68 1.63 0.52 2.32 4.32 2.00 7.07 7.75 4.97 2.31 5.22 4.93 1.00 6.36 1.60 
4.30 6.07 2.05 1.68 2.10 1.12 4.07 7.65 2.81 3.72 1.77 4.75 4.81 0.27 3.41 3.98 1.95 5.05 4.50 4.27 1.37 6.50 3.34 1.12 3.47 5.66 6.34 0.39 6.65 4.70 1.99 2.95 
2.77 4.04 4.63 4.86 5.16 0.70 4.52 7.97 4.42 6.29 4.71 1.23 6.56 0.13 5.21 0.51 5.17 1.71 4.78 6.54 0.20 0.13 7.66 3.67 5.78 6.00 4.06 4.44 2.70 6.05 7.38 5.47 
2.09 4.01 2.33 7.25 4.71 6.85 7.21 1.13 5.14 3.93 2.36 3.70 4.05 7.57 4.21 1.23 1.28 0.99 7.77 1.49 1.12 7.43 5.16 6.91 5.43 1.22 3.34 0.12 7.27 2.72 5.59 1.36 
6.73 7.92 0.61 3.44 6.77 7.82 4.57 3.90 3.75 6.93 7.60 7.80 6.50 3.81 1.03 7.78 4.80 0.80 1.27 5.92 0.23 6.42 4.83 5.66 7.64 0.17 5.78 6.91 2.89 3.37 0.27 1.62 
3.29 0.88 5.06 2.06 0.71 1.62 5.96 4.46 0.55 5.56 4.26 7.05 1.37 5.29 6.83 6.17 6.09 0.10 4.09 6.32 6.53 0.92 3.98 6.17 1.09 1.76 5.08 3.98 5.13 5.35 5.60 0.42 
6.23 2.66 2.48 6.94 4.28 0.45 3.40 4.83 6.01 7.66 3.88 7.38 4.95 2.72 5.55 3.04 2.82 1.64 1.36 1.35 2.56 5.34 7.51 3.65 7.10 4.59 7.63 4.23 1.94 5.22 4.66 0.18 
7.88 7.14 7.12 4.16 7.58 2.51 0.99 5.59 2.17 4.87 4.97 7.12 7.59 2.52 2.16 2.41 4.17 3.52 3.75 6.73 0.86 3.27 2.38 7.96 7.86 2.00 4.19 1.80 7.23 0.84 1.98 7.11 
7.98 1.10 3.27 7.57 3.61 4.26 5.16 5.78 1.13 2.13 4.90 0.72 4.66 7.06 3.13 0.83 2.58 6.88 7.56 3.43 2.15 1.93 3.39 2.00 3.94 7.58 3.81 3.17 0.42 5.79 2.28 0.40 
6.88 5.54 7.97 2.50 1.80 5.13 0.28 2.94 7.27 5.18 3.66 3.93 4.24 6.78 4.75 6.82 5.66 4.31 2.25 7.81 6.24 5.64 1.81 2.18 5.22 5.62 5.34 5.65 3.41 7.62 6.05 2.29 
5.16 6.02 4.79 6.97 3.15 5.07 1.91 2.42 2.25 5.56 6.34 6.49 4.35 3.10 5.31 2.01 7.40 7.56 1.82 5.64 5.21 3.63 7.82 2.43 1.25 5.17 0.08 4.66 4.79 6.13 6.95 1.95 
[OK] <tensor_fill_like_backward> done!
113.53 
141.30 
120.45 
134.58 
120.16 
129.06 
114.79 
135.45 
126.95 
145.55 
123.74 
134.23 
142.43 
120.59 
152.79 
143.39 
[OK] <tensor_expand_cols_backward> done!
3.55 3.55 3.55 3.55 3.55 3.55 3.55 3.55 3.55 3.55 3.55 3.55 3.55 3.55 3.55 3.55 3.55 3.55 3.55 3.55 3.55 3.55 3.55 3.55 3.55 3.55 3.55 3.55 3.55 3.55 3.55 3.55 
4.42 4.42 4.42 4.42 4.42 4.42 4.42 4.42 4.42 4.42 4.42 4.42 4.42 4.42 4.42 4.42 4.42 4.42 4.42 4.42 4.42 4.42 4.42 4.42 4.42 4.42 4.42 4.42 4.42 4.42 4.42 4.42 
3.76 3.76 3.76 3.76 3.76 3.76 3.76 3.76 3.76 3.76 3.76 3.76 3.76 3.76 3.76 3.76 3.76 3.76 3.76 3.76 3.76 3.76 3.76 3.76 3.76 3.76 3.76 3.76 3.76 3.76 3.76 3.76 
4.21 4.21 4.21 4.21 4.21 4.21 4.21 4.21 4.21 4.21 4.21 4.21 4.21 4.21 4.21 4.21 4.21 4.21 4.21 4.21 4.21 4.21 4.21 4.21 4.21 4.21 4.21 4.21 4.21 4.21 4.21 4.21 
3.76 3.76 3.76 3.76 3.76 3.76 3.76 3.76 3.76 3.76 3.76 3.76 3.76 3.76 3.76 3.76 3.76 3.76 3.76 3.76 3.76 3.76 3.76 3.76 3.76 3.76 3.76 3.76 3.76 3.76 3.76 3.76 
4.03 4.03 4.03 4.03 4.03 4.03 4.03 4.03 4.03 4.03 4.03 4.03 4.03 4.03 4.03 4.03 4.03 4.03 4.03 4.03 4.03 4.03 4.03 4.03 4.03 4.03 4.03 4.03 4.03 4.03 4.03 4.03 
3.59 3.59 3.59 3.59 3.59 3.59 3.59 3.59 3.59 3.59 3.59 3.59 3.59 3.59 3.59 3.59 3.59 3.59 3.59 3.59 3.59 3.59 3.59 3.59 3.59 3.59 3.59 3.59 3.59 3.59 3.59 3.59 
4.23 4.23 4.23 4.23 4.23 4.23 4.23 4.23 4.23 4.23 4.23 4.23 4.23 4.23 4.23 4.23 4.23 4.23 4.23 4.23 4.23 4.23 4.23 4.23 4.23 4.23 4.23 4.23 4.23 4.23 4.23 4.23 
3.97 3.97 3.97 3.97 3.97 3.97 3.97 3.97 3.97 3.97 3.97 3.97 3.97 3.97 3.97 3.97 3.97 3.97 3.97 3.97 3.97 3.97 3.97 3.97 3.97 3.97 3.97 3.97 3.97 3.97 3.97 3.97 
4.55 4.55 4.55 4.55 4.55 4.55 4.55 4.55 4.55 4.55 4.55 4.55 4.55 4.55 4.55 4.55 4.55 4.55 4.55 4.55 4.55 4.55 4.55 4.55 4.55 4.55 4.55 4.55 4.55 4.55 4.55 4.55 
3.87 3.87 3.87 3.87 3.87 3.87 3.87 3.87 3.87 3.87 3.87 3.87 3.87 3.87 3.87 3.87 3.87 3.87 3.87 3.87 3.87 3.87 3.87 3.87 3.87 3.87 3.87 3.87 3.87 3.87 3.87 3.87 
4.19 4.19 4.19 4.19 4.19 4.19 4.19 4.19 4.19 4.19 4.19 4.19 4.19 4.19 4.19 4.19 4.19 4.19 4.19 4.19 4.19 4.19 4.19 4.19 4.19 4.19 4.19 4.19 4.19 4.19 4.19 4.19 
4.45 4.45 4.45 4.45 4.45 4.45 4.45 4.45 4.45 4.45 4.45 4.45 4.45 4.45 4.45 4.45 4.45 4.45 4.45 4.45 4.45 4.45 4.45 4.45 4.45 4.45 4.45 4.45 4.45 4.45 4.45 4.45 
3.77 3.77 3.77 3.77 3.77 3.77 3.77 3.77 3.77 3.77 3.77 3.77 3.77 3.77 3.77 3.77 3.77 3.77 3.77 3.77 3.77 3.77 3.77 3.77 3.77 3.77 3.77 3.77 3.77 3.77 3.77 3.77 
4.77 4.77 4.77 4.77 4.77 4.77 4.77 4.77 4.77 4.77 4.77 4.77 4.77 4.77 4.77 4.77 4.77 4.77 4.77 4.77 4.77 4.77 4.77 4.77 4.77 4.77 4.77 4.77 4.77 4.77 4.77 4.77 
4.48 4.48 4.48 4.48 4.48 4.48 4.48 4.48 4.48 4.48 4.48 4.48 4.48 4.48 4.48 4.48 4.48 4.48 4.48 4.48 4.48 4.48 4.48 4.48 4.48 4.48 4.48 4.48 4.48 4.48 4.48 4.48 
[OK] <tensor_mean_backward> done!
7.10 7.10 7.10 7.10 7.10 7.10 7.10 7.10 7.10 7.10 7.10 7.10 7.10 7.10 7.10 7.10 7.10 7.10 7.10 7.10 7.10 7.10 7.10 7.10 7.10 7.10 7.10 7.10 7.10 7.10 7.10 7.10 
8.83 8.83 8.83 8.83 8.83 8.83 8.83 8.83 8.83 8.83 8.83 8.83 8.83 8.83 8.83 8.83 8.83 8.83 8.83 8.83 8.83 8.83 8.83 8.83 8.83 8.83 8.83 8.83 8.83 8.83 8.83 8.83 
7.53 7.53 7.53 7.53 7.53 7.53 7.53 7.53 7.53 7.53 7.53 7.53 7.53 7.53 7.53 7.53 7.53 7.53 7.53 7.53 7.53 7.53 7.53 7.53 7.53 7.53 7.53 7.53 7.53 7.53 7.53 7.53 
8.41 8.41 8.41 8.41 8.41 8.41 8.41 8.41 8.41 8.41 8.41 8.41 8.41 8.41 8.41 8.41 8.41 8.41 8.41 8.41 8.41 8.41 8.41 8.41 8.41 8.41 8.41 8.41 8.41 8.41 8.41 8.41 
7.51 7.51 7.51 7.51 7.51 7.51 7.51 7.51 7.51 7.51 7.51 7.51 7.51 7.51 7.51 7.51 7.51 7.51 7.51 7.51 7.51 7.51 7.51 7.51 7.51 7.51 7.51 7.51 7.51 7.51 7.51 7.51 
8.07 8.07 8.07 8.07 8.07 8.07 8.07 8.07 8.07 8.07 8.07 8.07 8.07 8.07 8.07 8.07 8.07 8.07 8.07 8.07 8.07 8.07 8.07 8.07 8.07 8.07 8.07 8.07 8.07 8.07 8.07 8.07 
7.17 7.17 7.17 7.17 7.17 7.17 7.17 7.17 7.17 7.17 7.17 7.17 7.17 7.17 7.17 7.17 7.17 7.17 7.17 7.17 7.17 7.17 7.17 7.17 7.17 7.17 7.17 7.17 7.17 7.17 7.17 7.17 
8.47 8.47 8.47 8.47 8.47 8.47 8.47 8.47 8.47 8.47 8.47 8.47 8.47 8.47 8.47 8.47 8.47 8.47 8.47 8.47 8.47 8.47 8.47 8.47 8.47 8.47 8.47 8.47 8.47 8.47 8.47 8.47 
7.93 7.93 7.93 7.93 7.93 7.93 7.93 7.93 7.93 7.93 7.93 7.93 7.93 7.93 7.93 7.93 7.93 7.93 7.93 7.93 7.93 7.93 7.93 7.93 7.93 7.93 7.93 7.93 7.93 7.93 7.93 7.93 
9.10 9.10 9.10 9.10 9.10 9.10 9.10 9.10 9.10 9.10 9.10 9.10 9.10 9.10 9.10 9.10 9.10 9.10 9.10 9.10 9.10 9.10 9.10 9.10 9.10 9.10 9.10 9.10 9.10 9.10 9.10 9.10 
7.73 7.73 7.73 7.73 7.73 7.73 7.73 7.73 7.73 7.73 7.73 7.73 7.73 7.73 7.73 7.73 7.73 7.73 7.73 7.73 7.73 7.73 7.73 7.73 7.73 7.73 7.73 7.73 7.73 7.73 7.73 7.73 
8.39 8.39 8.39 8.39 8.39 8.39 8.39 8.39 8.39 8.39 8.39 8.39 8.39 8.39 8.39 8.39 8.39 8.39 8.39 8.39 8.39 8.39 8.39 8.39 8.39 8.39 8.39 8.39 8.39 8.39 8.39 8.39 
8.90 8.90 8.90 8.90 8.90 8.90 8.90 8.90 8.90 8.90 8.90 8.90 8.90 8.90 8.90 8.90 8.90 8.90 8.90 8.90 8.90 8.90 8.90 8.90 8.90 8.90 8.90 8.90 8.90 8.90 8.90 8.90 
7.54 7.54 7.54 7.54 7.54 7.54 7.54 7.54 7.54 7.54 7.54 7.54 7.54 7.54 7.54 7.54 7.54 7.54 7.54 7.54 7.54 7.54 7.54 7.54 7.54 7.54 7.54 7.54 7.54 7.54 7.54 7.54 
9.55 9.55 9.55 9.55 9.55 9.55 9.55 9.55 9.55 9.55 9.55 9.55 9.55 9.55 9.55 9.55 9.55 9.55 9.55 9.55 9.55 9.55 9.55 9.55 9.55 9.55 9.55 9.55 9.55 9.55 9.55 9.55 
8.96 8.96 8.96 8.96 8.96 8.96 8.96 8.96 8.96 8.96 8.96 8.96 8.96 8.96 8.96 8.96 8.96 8.96 8.96 8.96 8.96 8.96 8.96 8.96 8.96 8.96 8.96 8.96 8.96 8.96 8.96 8.96 

[OK] <tensor_square_backward> done!
o->parents: 2
7.10 7.10 7.10 7.10 7.10 7.10 7.10 7.10 7.10 7.10 7.10 7.10 7.10 7.10 7.10 7.10 7.10 7.10 7.10 7.10 7.10 7.10 7.10 7.10 7.10 7.10 7.10 7.10 7.10 7.10 7.10 7.10 
8.83 8.83 8.83 8.83 8.83 8.83 8.83 8.83 8.83 8.83 8.83 8.83 8.83 8.83 8.83 8.83 8.83 8.83 8.83 8.83 8.83 8.83 8.83 8.83 8.83 8.83 8.83 8.83 8.83 8.83 8.83 8.83 
7.53 7.53 7.53 7.53 7.53 7.53 7.53 7.53 7.53 7.53 7.53 7.53 7.53 7.53 7.53 7.53 7.53 7.53 7.53 7.53 7.53 7.53 7.53 7.53 7.53 7.53 7.53 7.53 7.53 7.53 7.53 7.53 
8.41 8.41 8.41 8.41 8.41 8.41 8.41 8.41 8.41 8.41 8.41 8.41 8.41 8.41 8.41 8.41 8.41 8.41 8.41 8.41 8.41 8.41 8.41 8.41 8.41 8.41 8.41 8.41 8.41 8.41 8.41 8.41 
7.51 7.51 7.51 7.51 7.51 7.51 7.51 7.51 7.51 7.51 7.51 7.51 7.51 7.51 7.51 7.51 7.51 7.51 7.51 7.51 7.51 7.51 7.51 7.51 7.51 7.51 7.51 7.51 7.51 7.51 7.51 7.51 
8.07 8.07 8.07 8.07 8.07 8.07 8.07 8.07 8.07 8.07 8.07 8.07 8.07 8.07 8.07 8.07 8.07 8.07 8.07 8.07 8.07 8.07 8.07 8.07 8.07 8.07 8.07 8.07 8.07 8.07 8.07 8.07 
7.17 7.17 7.17 7.17 7.17 7.17 7.17 7.17 7.17 7.17 7.17 7.17 7.17 7.17 7.17 7.17 7.17 7.17 7.17 7.17 7.17 7.17 7.17 7.17 7.17 7.17 7.17 7.17 7.17 7.17 7.17 7.17 
8.47 8.47 8.47 8.47 8.47 8.47 8.47 8.47 8.47 8.47 8.47 8.47 8.47 8.47 8.47 8.47 8.47 8.47 8.47 8.47 8.47 8.47 8.47 8.47 8.47 8.47 8.47 8.47 8.47 8.47 8.47 8.47 
7.93 7.93 7.93 7.93 7.93 7.93 7.93 7.93 7.93 7.93 7.93 7.93 7.93 7.93 7.93 7.93 7.93 7.93 7.93 7.93 7.93 7.93 7.93 7.93 7.93 7.93 7.93 7.93 7.93 7.93 7.93 7.93 
9.10 9.10 9.10 9.10 9.10 9.10 9.10 9.10 9.10 9.10 9.10 9.10 9.10 9.10 9.10 9.10 9.10 9.10 9.10 9.10 9.10 9.10 9.10 9.10 9.10 9.10 9.10 9.10 9.10 9.10 9.10 9.10 
7.73 7.73 7.73 7.73 7.73 7.73 7.73 7.73 7.73 7.73 7.73 7.73 7.73 7.73 7.73 7.73 7.73 7.73 7.73 7.73 7.73 7.73 7.73 7.73 7.73 7.73 7.73 7.73 7.73 7.73 7.73 7.73 
8.39 8.39 8.39 8.39 8.39 8.39 8.39 8.39 8.39 8.39 8.39 8.39 8.39 8.39 8.39 8.39 8.39 8.39 8.39 8.39 8.39 8.39 8.39 8.39 8.39 8.39 8.39 8.39 8.39 8.39 8.39 8.39 
8.90 8.90 8.90 8.90 8.90 8.90 8.90 8.90 8.90 8.90 8.90 8.90 8.90 8.90 8.90 8.90 8.90 8.90 8.90 8.90 8.90 8.90 8.90 8.90 8.90 8.90 8.90 8.90 8.90 8.90 8.90 8.90 
7.54 7.54 7.54 7.54 7.54 7.54 7.54 7.54 7.54 7.54 7.54 7.54 7.54 7.54 7.54 7.54 7.54 7.54 7.54 7.54 7.54 7.54 7.54 7.54 7.54 7.54 7.54 7.54 7.54 7.54 7.54 7.54 
9.55 9.55 9.55 9.55 9.55 9.55 9.55 9.55 9.55 9.55 9.55 9.55 9.55 9.55 9.55 9.55 9.55 9.55 9.55 9.55 9.55 9.55 9.55 9.55 9.55 9.55 9.55 9.55 9.55 9.55 9.55 9.55 
8.96 8.96 8.96 8.96 8.96 8.96 8.96 8.96 8.96 8.96 8.96 8.96 8.96 8.96 8.96 8.96 8.96 8.96 8.96 8.96 8.96 8.96 8.96 8.96 8.96 8.96 8.96 8.96 8.96 8.96 8.96 8.96 

-7.10 -7.10 -7.10 -7.10 -7.10 -7.10 -7.10 -7.10 -7.10 -7.10 -7.10 -7.10 -7.10 -7.10 -7.10 -7.10 -7.10 -7.10 -7.10 -7.10 -7.10 -7.10 -7.10 -7.10 -7.10 -7.10 -7.10 -7.10 -7.10 -7.10 -7.10 -7.10 
-8.83 -8.83 -8.83 -8.83 -8.83 -8.83 -8.83 -8.83 -8.83 -8.83 -8.83 -8.83 -8.83 -8.83 -8.83 -8.83 -8.83 -8.83 -8.83 -8.83 -8.83 -8.83 -8.83 -8.83 -8.83 -8.83 -8.83 -8.83 -8.83 -8.83 -8.83 -8.83 
-7.53 -7.53 -7.53 -7.53 -7.53 -7.53 -7.53 -7.53 -7.53 -7.53 -7.53 -7.53 -7.53 -7.53 -7.53 -7.53 -7.53 -7.53 -7.53 -7.53 -7.53 -7.53 -7.53 -7.53 -7.53 -7.53 -7.53 -7.53 -7.53 -7.53 -7.53 -7.53 
-8.41 -8.41 -8.41 -8.41 -8.41 -8.41 -8.41 -8.41 -8.41 -8.41 -8.41 -8.41 -8.41 -8.41 -8.41 -8.41 -8.41 -8.41 -8.41 -8.41 -8.41 -8.41 -8.41 -8.41 -8.41 -8.41 -8.41 -8.41 -8.41 -8.41 -8.41 -8.41 
-7.51 -7.51 -7.51 -7.51 -7.51 -7.51 -7.51 -7.51 -7.51 -7.51 -7.51 -7.51 -7.51 -7.51 -7.51 -7.51 -7.51 -7.51 -7.51 -7.51 -7.51 -7.51 -7.51 -7.51 -7.51 -7.51 -7.51 -7.51 -7.51 -7.51 -7.51 -7.51 
-8.07 -8.07 -8.07 -8.07 -8.07 -8.07 -8.07 -8.07 -8.07 -8.07 -8.07 -8.07 -8.07 -8.07 -8.07 -8.07 -8.07 -8.07 -8.07 -8.07 -8.07 -8.07 -8.07 -8.07 -8.07 -8.07 -8.07 -8.07 -8.07 -8.07 -8.07 -8.07 
-7.17 -7.17 -7.17 -7.17 -7.17 -7.17 -7.17 -7.17 -7.17 -7.17 -7.17 -7.17 -7.17 -7.17 -7.17 -7.17 -7.17 -7.17 -7.17 -7.17 -7.17 -7.17 -7.17 -7.17 -7.17 -7.17 -7.17 -7.17 -7.17 -7.17 -7.17 -7.17 
-8.47 -8.47 -8.47 -8.47 -8.47 -8.47 -8.47 -8.47 -8.47 -8.47 -8.47 -8.47 -8.47 -8.47 -8.47 -8.47 -8.47 -8.47 -8.47 -8.47 -8.47 -8.47 -8.47 -8.47 -8.47 -8.47 -8.47 -8.47 -8.47 -8.47 -8.47 -8.47 
-7.93 -7.93 -7.93 -7.93 -7.93 -7.93 -7.93 -7.93 -7.93 -7.93 -7.93 -7.93 -7.93 -7.93 -7.93 -7.93 -7.93 -7.93 -7.93 -7.93 -7.93 -7.93 -7.93 -7.93 -7.93 -7.93 -7.93 -7.93 -7.93 -7.93 -7.93 -7.93 
-9.10 -9.10 -9.10 -9.10 -9.10 -9.10 -9.10 -9.10 -9.10 -9.10 -9.10 -9.10 -9.10 -9.10 -9.10 -9.10 -9.10 -9.10 -9.10 -9.10 -9.10 -9.10 -9.10 -9.10 -9.10 -9.10 -9.10 -9.10 -9.10 -9.10 -9.10 -9.10 
-7.73 -7.73 -7.73 -7.73 -7.73 -7.73 -7.73 -7.73 -7.73 -7.73 -7.73 -7.73 -7.73 -7.73 -7.73 -7.73 -7.73 -7.73 -7.73 -7.73 -7.73 -7.73 -7.73 -7.73 -7.73 -7.73 -7.73 -7.73 -7.73 -7.73 -7.73 -7.73 
-8.39 -8.39 -8.39 -8.39 -8.39 -8.39 -8.39 -8.39 -8.39 -8.39 -8.39 -8.39 -8.39 -8.39 -8.39 -8.39 -8.39 -8.39 -8.39 -8.39 -8.39 -8.39 -8.39 -8.39 -8.39 -8.39 -8.39 -8.39 -8.39 -8.39 -8.39 -8.39 
-8.90 -8.90 -8.90 -8.90 -8.90 -8.90 -8.90 -8.90 -8.90 -8.90 -8.90 -8.90 -8.90 -8.90 -8.90 -8.90 -8.90 -8.90 -8.90 -8.90 -8.90 -8.90 -8.90 -8.90 -8.90 -8.90 -8.90 -8.90 -8.90 -8.90 -8.90 -8.90 
-7.54 -7.54 -7.54 -7.54 -7.54 -7.54 -7.54 -7.54 -7.54 -7.54 -7.54 -7.54 -7.54 -7.54 -7.54 -7.54 -7.54 -7.54 -7.54 -7.54 -7.54 -7.54 -7.54 -7.54 -7.54 -7.54 -7.54 -7.54 -7.54 -7.54 -7.54 -7.54 
-9.55 -9.55 -9.55 -9.55 -9.55 -9.55 -9.55 -9.55 -9.55 -9.55 -9.55 -9.55 -9.55 -9.55 -9.55 -9.55 -9.55 -9.55 -9.55 -9.55 -9.55 -9.55 -9.55 -9.55 -9.55 -9.55 -9.55 -9.55 -9.55 -9.55 -9.55 -9.55 
-8.96 -8.96 -8.96 -8.96 -8.96 -8.96 -8.96 -8.96 -8.96 -8.96 -8.96 -8.96 -8.96 -8.96 -8.96 -8.96 -8.96 -8.96 -8.96 -8.96 -8.96 -8.96 -8.96 -8.96 -8.96 -8.96 -8.96 -8.96 -8.96 -8.96 -8.96 -8.96 
[OK] <tensor_subtract_backward> done!
-227.06 
-282.59 
-240.89 
-269.17 
-240.33 
-258.12 
-229.58 
-270.90 
-253.91 
-291.09 
-247.48 
-268.46 
-284.86 
-241.18 
-305.57 
-286.78 
[OK] <tensor_expand_cols_backward> done!
0.00 0.00 0.00 0.00 0.00 0.00 0.00 0.00 0.00 0.00 0.00 0.00 0.00 0.00 0.00 0.00 0.00 0.00 0.00 0.00 0.00 0.00 0.00 0.00 0.00 0.00 0.00 0.00 0.00 0.00 0.00 0.00 
0.00 0.00 0.00 0.00 0.00 0.00 0.00 0.00 0.00 0.00 0.00 0.00 0.00 0.00 0.00 0.00 0.00 0.00 0.00 0.00 0.00 0.00 0.00 0.00 0.00 0.00 0.00 0.00 0.00 0.00 0.00 0.00 
0.00 0.00 0.00 0.00 0.00 0.00 0.00 0.00 0.00 0.00 0.00 0.00 0.00 0.00 0.00 0.00 0.00 0.00 0.00 0.00 0.00 0.00 0.00 0.00 0.00 0.00 0.00 0.00 0.00 0.00 0.00 0.00 
-0.00 -0.00 -0.00 -0.00 -0.00 -0.00 -0.00 -0.00 -0.00 -0.00 -0.00 -0.00 -0.00 -0.00 -0.00 -0.00 -0.00 -0.00 -0.00 -0.00 -0.00 -0.00 -0.00 -0.00 -0.00 -0.00 -0.00 -0.00 -0.00 -0.00 -0.00 -0.00 
0.00 0.00 0.00 0.00 0.00 0.00 0.00 0.00 0.00 0.00 0.00 0.00 0.00 0.00 0.00 0.00 0.00 0.00 0.00 0.00 0.00 0.00 0.00 0.00 0.00 0.00 0.00 0.00 0.00 0.00 0.00 0.00 
0.00 0.00 0.00 0.00 0.00 0.00 0.00 0.00 0.00 0.00 0.00 0.00 0.00 0.00 0.00 0.00 0.00 0.00 0.00 0.00 0.00 0.00 0.00 0.00 0.00 0.00 0.00 0.00 0.00 0.00 0.00 0.00 
-0.00 -0.00 -0.00 -0.00 -0.00 -0.00 -0.00 -0.00 -0.00 -0.00 -0.00 -0.00 -0.00 -0.00 -0.00 -0.00 -0.00 -0.00 -0.00 -0.00 -0.00 -0.00 -0.00 -0.00 -0.00 -0.00 -0.00 -0.00 -0.00 -0.00 -0.00 -0.00 
0.00 0.00 0.00 0.00 0.00 0.00 0.00 0.00 0.00 0.00 0.00 0.00 0.00 0.00 0.00 0.00 0.00 0.00 0.00 0.00 0.00 0.00 0.00 0.00 0.00 0.00 0.00 0.00 0.00 0.00 0.00 0.00 
0.00 0.00 0.00 0.00 0.00 0.00 0.00 0.00 0.00 0.00 0.00 0.00 0.00 0.00 0.00 0.00 0.00 0.00 0.00 0.00 0.00 0.00 0.00 0.00 0.00 0.00 0.00 0.00 0.00 0.00 0.00 0.00 
0.00 0.00 0.00 0.00 0.00 0.00 0.00 0.00 0.00 0.00 0.00 0.00 0.00 0.00 0.00 0.00 0.00 0.00 0.00 0.00 0.00 0.00 0.00 0.00 0.00 0.00 0.00 0.00 0.00 0.00 0.00 0.00 
-0.00 -0.00 -0.00 -0.00 -0.00 -0.00 -0.00 -0.00 -0.00 -0.00 -0.00 -0.00 -0.00 -0.00 -0.00 -0.00 -0.00 -0.00 -0.00 -0.00 -0.00 -0.00 -0.00 -0.00 -0.00 -0.00 -0.00 -0.00 -0.00 -0.00 -0.00 -0.00 
0.00 0.00 0.00 0.00 0.00 0.00 0.00 0.00 0.00 0.00 0.00 0.00 0.00 0.00 0.00 0.00 0.00 0.00 0.00 0.00 0.00 0.00 0.00 0.00 0.00 0.00 0.00 0.00 0.00 0.00 0.00 0.00 
-0.00 -0.00 -0.00 -0.00 -0.00 -0.00 -0.00 -0.00 -0.00 -0.00 -0.00 -0.00 -0.00 -0.00 -0.00 -0.00 -0.00 -0.00 -0.00 -0.00 -0.00 -0.00 -0.00 -0.00 -0.00 -0.00 -0.00 -0.00 -0.00 -0.00 -0.00 -0.00 
-0.00 -0.00 -0.00 -0.00 -0.00 -0.00 -0.00 -0.00 -0.00 -0.00 -0.00 -0.00 -0.00 -0.00 -0.00 -0.00 -0.00 -0.00 -0.00 -0.00 -0.00 -0.00 -0.00 -0.00 -0.00 -0.00 -0.00 -0.00 -0.00 -0.00 -0.00 -0.00 
0.00 0.00 0.00 0.00 0.00 0.00 0.00 0.00 0.00 0.00 0.00 0.00 0.00 0.00 0.00 0.00 0.00 0.00 0.00 0.00 0.00 0.00 0.00 0.00 0.00 0.00 0.00 0.00 0.00 0.00 0.00 0.00 
0.00 0.00 0.00 0.00 0.00 0.00 0.00 0.00 0.00 0.00 0.00 0.00 0.00 0.00 0.00 0.00 0.00 0.00 0.00 0.00 0.00 0.00 0.00 0.00 0.00 0.00 0.00 0.00 0.00 0.00 0.00 0.00 
[OK] <tensor_mean_backward> done!
13.28 13.28 13.28 13.28 13.28 13.28 13.28 13.28 13.28 13.28 13.28 13.28 13.28 13.28 13.28 13.28 13.28 13.28 13.28 13.28 13.28 13.28 13.28 13.28 13.28 13.28 13.28 13.28 13.28 13.28 13.28 13.28 
[OK] <tensor_expand_rows> done!
[GRAPH] DOT written to graph_test.dot
